comment_id,parent_id,is_reply,author,text,like_count,published_at,updated_at
UgxMktnXcVvDZaiQaQV4AaABAg,,False,@EASY-CRAZY-HOT,Keep streaming MY's,1,2025-05-01T16:38:08Z,2025-05-01T16:38:08Z
UgzUjy6m1gJVHnuDf0B4AaABAg,,False,@elmoo-o-o,Pretty girls love aespa,1,2025-03-13T13:30:01Z,2025-03-13T13:30:01Z
UgySBBudb-q7AlKjl8B4AaABAg,,False,@KeithLund,I love aespa 😍,0,2024-12-13T06:37:23Z,2024-12-13T06:37:23Z
UgyquOmWvRKQPBt8MCR4AaABAg,,False,@guvyii,aespa being confident inspires me to be confident 💗,0,2024-09-29T15:14:01Z,2024-09-29T15:14:01Z
UgyfEAEw5MRl6Ru7ksp4AaABAg,,False,@guan_yu2375,"Why this video go so hard wtf???, i love it <3",0,2024-08-16T20:28:48Z,2024-08-16T20:28:48Z
Ugytk97J8uCkBQGcxHR4AaABAg,,False,@Mhwynot23,"[📢]
入場者プレゼントのアイテム＆
配布スケジュールが決定‼

第１弾 8/30(金)～
オリジナルフォト風カード
（全4種ランダム）

第２弾 9/6(金)～
オリジナルチケットホルダー
（全4種ランダム）

第３弾 9/13(金)～
ビジュアルカード付
オリジナルスリーブケース

===========
前売券情報まとめ  
===========

#aespa: MY First page 
#エスパ：マイ・ファーストページ   

#aespa映画
......",0,2024-08-15T16:03:50Z,2024-08-15T16:03:50Z
Ugzckv9Xbrw60zZT2Yt4AaABAg,,False,@MikkyLanCinema,"Phenomenal Aespa, ready for more! ❤️‍🔥💖",0,2024-08-15T04:11:06Z,2024-08-15T04:11:06Z
UgyK-qT692ZZw2N-qZd4AaABAg,,False,@Mhwyim,"[📢]
 現在販売中の『2024 aespa LIVE TOUR – SYNK : PARALLEL LINE – in TOKYO DOME -SPECIAL EDITION-』オンラインくじ👀
 
8月17日(土)の東京ドーム公演終演後のMeet&Greetが当たるくじの販売は明日8月9日(金)23:59まで！また8月10日(土)0:00からは、8月18日(日)の東京ドーム公演終演後のMeet&Greetが当たるくじが販売開始となります！お楽しみに💖
 .....
#aespa #æspa #エスパ",0,2024-08-10T14:17:44Z,2024-08-10T14:17:44Z
UgwQqAxvsvP_x7-AUVp4AaABAg,,False,@pasyalenemmanuel,thats my official trailer of synk parallel line but its a great movies in cinema,0,2024-08-06T02:05:16Z,2024-08-06T02:05:16Z
UgxVtPZ46Tth7sOuWW14AaABAg,,False,@renkonba_gu,名古屋公演の時みた！！,0,2024-08-05T16:12:03Z,2024-08-05T16:12:03Z
UgyitSyh55FO_CoDzix4AaABAg,,False,@lllillliii,하하 이걸로 컴터 배경화면 바꾸니까 개이쁘네,1,2024-07-30T02:25:34Z,2024-07-30T02:25:34Z
UgyMpgp4s7RUV8zvVyB4AaABAg,,False,@Mhwynot23,"aespa的正规1辑主打曲《Supernova》连续8周蝉联Melon和genie周榜一位，持续刷新今年发行曲的最长连续一位记录🔥 此外，该曲还创下了Spotify累计流媒体数破亿记录，并且荣获Circle周榜全球K-pop榜单、数字榜和流媒体榜的三冠王，展现aespa音源王者风范！

aespa#aespa##æspa##Armageddon##aespaArmageddon##Supernova##aespaSupernova#",0,2024-07-17T15:19:28Z,2024-07-17T15:19:28Z
UgwKOZEJS-dADV2o9Qd4AaABAg,,False,@EASY-CRAZY-HOT,0:13 BALLERINA AESPA I WANT SM!!!!,1,2024-07-17T13:46:21Z,2024-07-17T13:46:21Z
UgzH8jsdd_eeRpmqlHh4AaABAg,,False,@gunnernana,"Aespa 💖💖 Fighting 
💟MY Love you",0,2024-07-17T12:54:32Z,2024-07-17T12:54:32Z
UgylBKKOcdH-qWvG2s14AaABAg,,False,@skz-caffe,"aespa have the best concept to ever exist,.they can do also soft,gentle songs but also can have a  powerful and confident  concept.We need to make Aespa biggest girl group so others can also enjoy their fabulous songs!",1,2024-07-15T21:11:04Z,2024-07-15T21:11:04Z
Ugw1BcQa1PaYyAmMQVB4AaABAg,,False,@Mhwynot23,600 aespa!!! #aespa #에스파,0,2024-07-13T08:21:48Z,2024-07-13T08:21:48Z
UgzWElpN5XDggliWxCV4AaABAg,,False,@richardsanity,"The tour is 🔥
Aespa Queen's ❤️
baby Winter 💕",0,2024-07-13T06:21:59Z,2024-07-13T06:21:59Z
UgxSbUnWqD0ulJk36vh4AaABAg,,False,@Mhwynot23,#aespa 7.5 million copies sold🤟🤟🤟🤟.,0,2024-07-11T00:31:35Z,2024-07-11T00:31:35Z
Ugwj43S8MXjCtJD5Ki54AaABAg,,False,@majaworld.a,❤❤❤,0,2024-07-06T21:13:39Z,2024-07-06T21:13:39Z
UgzOoxtet2DggOU0zTZ4AaABAg,,False,@Mhwylm.,SUPERNOVA ARMAGEDDON 100M GO,0,2024-07-05T07:38:16Z,2024-07-05T07:38:16Z
Ugztsvsk7eUnqC7Dkjx4AaABAg,,False,@aellusion,Aespa duality in a single vcr preview 👌👌🙌🏻,1,2024-07-05T00:03:58Z,2024-07-05T00:03:58Z
Ugy-3M7wFYLLGUy0eVJ4AaABAg,,False,@aellusion,BALLET AESPA?!.? We need to see more of this concept from them,0,2024-07-05T00:03:39Z,2024-07-05T00:03:39Z
Ugx48exFlnmaJm97zwl4AaABAg,,False,@aellusion,"Already better than hyperline VCR, I can’t wait to see them in concert!",0,2024-07-05T00:03:17Z,2024-07-05T00:03:17Z
UgzzENqaG2TfOXQ1A2x4AaABAg,,False,@aellusion,KARINA🔥🔥🔥,0,2024-07-05T00:02:53Z,2024-07-05T00:02:53Z
Ugx05jh58E0xH9RJzVZ4AaABAg,,False,@erqore,"#FREEGISELLE #JUSTICEFORGISELLE
#TreatGiselleProperly #AESPA",0,2024-07-04T23:25:47Z,2024-07-04T23:25:47Z
UgxzX0_p4u8A66uxG5Z4AaABAg,,False,@waitamoment,Queens,1,2024-07-03T13:19:29Z,2024-07-03T13:19:29Z
UgyQ3o668YbL78RXEfZ4AaABAg,,False,@chucassiopeia4384,INDONESIA FANS HERE 😊😊,0,2024-07-03T04:34:09Z,2024-07-03T04:34:09Z
UgwGNEC-RiN1BfafREd4AaABAg,,False,@07imanuellaludiakarolinmau13,❤❤,1,2024-07-02T16:08:29Z,2024-07-02T16:08:29Z
Ugx6sUbHkr2XLGU7tgh4AaABAg,,False,@NuellaElla-o9t,AESPAAA❤,1,2024-07-01T17:02:07Z,2024-07-01T17:02:07Z
UgyKOvt4TqpKGF5sOCB4AaABAg,,False,@arvian_05,GIRLSSS❤🔥,2,2024-07-01T15:16:26Z,2024-07-01T15:16:26Z
UgzJZzF_gEbeYAM2Vi94AaABAg,,False,@liesswsq,"OMG MY FAVORITE THE GROUP IS AGAIN SHOCKING WITH ITS NEWS!!!! 
I WOULD REALLY LIKE TO KNOW WHERE I CAN PURCHASE TICKETS, SOMEONE KNOWS",0,2024-07-01T13:36:53Z,2024-07-01T13:36:53Z
UgzO6CEAd8RNN7ZlvXp4AaABAg,,False,@wowwow6488,6 million subbies oh my gahhhhh congrats aespa!!!,1,2024-06-30T03:05:38Z,2024-06-30T03:05:38Z
UgyJgC8GtDwEb9JF-6Z4AaABAg,,False,@DevilCherry-jx3sy,ningning好美但是part好少,0,2024-06-29T22:33:01Z,2024-06-29T22:33:01Z
UgypOk2gqvs0dJzWTlV4AaABAg,,False,@RafaelaWM-nt4sr,"I LOVE AESPA❤
 I LOVE AESPA❤
  I LOVE AESPA❤
   I LOVE AESPA❤
    I LOVE AESPA❤",0,2024-06-29T19:09:57Z,2024-06-29T19:09:57Z
UgxKmh4te4mBbxLHpzB4AaABAg,,False,@tuanlahoang915,.,0,2024-06-29T16:24:07Z,2024-06-29T16:24:07Z
UgxHloJWG6hmelkwhNx4AaABAg,,False,@FuyuhiNekozawa,"Looking forward to see you in Tokyo Dome 🩵
Can’t wait!",1,2024-06-29T11:06:55Z,2024-06-29T11:06:55Z
UgwePaA6QbiJm6rkh6B4AaABAg,,False,@aeLunaFuyuki,"SÃO AS MAIORES MESMO DA GEN, SÓ FAZEM ARTE CONCEITUAL!!",0,2024-06-28T13:15:22Z,2024-06-28T13:15:22Z
Ugxa8itpXIwkjXAhoR54AaABAg,,False,@user-fpdfds1wv3il,이거 머때문에 올린거에요? 뭘 예고하는거에요???? 새앨범인가,0,2024-06-28T11:16:54Z,2024-06-28T11:16:54Z
UgwmWHJMhiHOnvbOzyB4AaABAg,,False,@TYT-b5p,SYNK PARALLEL LINE의 성황과 aespa를 필두로 투어에 참여하는 모든 분의 건강과 새로운 장소에서의 새로운 경험이 그 자체로도 값진 앞날을 위한 자산이 되길 바랍니다🎉.,1,2024-06-28T10:50:45Z,2024-06-28T10:50:45Z
UgwX4UcoV7qoHEXtEWx4AaABAg,,False,@마마마마묘,😍😍😍😍😍😍😍,2,2024-06-28T09:13:24Z,2024-06-28T09:13:24Z
Ugwlr7DOaqXR6PQhZcV4AaABAg,,False,@likeyviana,04 LINDAS❤,0,2024-06-28T04:13:27Z,2024-06-28T04:13:27Z
UgwEYNDTTqbcoTH3hKV4AaABAg,,False,@jesusajanemedul7230,PLEASE BRING THIS TOUR TO MANILA PHILIPPINES ,2,2024-06-28T02:32:04Z,2024-06-28T02:33:24Z
Ugy5P_GXMcDciASQqzB4AaABAg,,False,@jesusajanemedul7230,"PLEASE BRING THIS TOUR TO MANILA PHILIPPINES 
PLEASE BRING THIS TOUR TO MANILA PHILIPPINES  
PLEASE BRING THIS TOUR TO MANILA PHILIPPINES 
PLEASE BRING THIS TOUR TO MANILA PHILIPPINES 
PLEASE BRING THIS TOUR TO MANILA PHILIPPINES",1,2024-06-28T02:31:44Z,2024-06-28T02:34:09Z
UgyQLFzXi9hREKn8CNN4AaABAg,,False,@jesusajanemedul7230,PLEASE COME TO MANILA PHILIPPINES ,0,2024-06-28T02:31:35Z,2024-06-28T02:31:35Z
UgwNkMombTHCRrnzDXl4AaABAg,,False,@jandxinho,🧎🏾,0,2024-06-28T01:38:05Z,2024-06-28T01:38:05Z
UgyqAEmWc-z5yz18gx14AaABAg,,False,@S2Nnifer,VCS TEM QUE VIR POR BRASILLLLLLLLLLLLLLLLLLLLLLLLLLLL,1,2024-06-28T00:22:32Z,2024-06-28T00:22:32Z
UgzqWX3Jk6V1RYlRSdd4AaABAg,,False,@S톨,숨 좀 쉬자 ㄷㄷㄷ,0,2024-06-28T00:18:11Z,2024-06-28T00:18:11Z
Ugy3nY4dGfiy29Mu6yt4AaABAg,,False,@HeungMinSon_7,카리나 이 룩 좋노.,1,2024-06-27T23:57:20Z,2024-06-27T23:57:20Z
UgyX0w8IFpNhrrjEme94AaABAg,,False,@dewihartati9854,"Gilla luu yaa, vcr aja cakep begini",0,2024-06-27T20:35:52Z,2024-06-27T20:35:52Z
Ugyo20PYiKT3d9ayOpV4AaABAg,,False,@BAUOK_WoW,Woww,0,2024-06-27T19:45:08Z,2024-06-27T19:45:08Z
Ugzl5CvmquoLmFfTBRB4AaABAg,,False,@aevjess,"WINTER IS SO GORGEOUS OMG 😩💖 AND HER ACTING IS AMAZING, COOLEST GIRL EVER!",0,2024-06-27T18:09:08Z,2024-06-27T18:09:08Z
UgybN94F1y9Mt_JrUYd4AaABAg,,False,@aevjess,MY AESPA YOU'RE SO COOL 🗣️❣️,1,2024-06-27T18:08:04Z,2024-06-27T18:08:04Z
UgzRseCOW_kI4fEfudt4AaABAg,,False,@clarisinschallah5106,Karina excuse me 😭❤,1,2024-06-27T16:30:09Z,2024-06-27T16:30:09Z
UgzqCUhQ3xjACmATKPx4AaABAg,,False,@KristineApostol-hz1rb,So pretty,1,2024-06-27T16:01:31Z,2024-06-27T16:01:31Z
UgyZPImGyGaLTBfFr_p4AaABAg,,False,@KristineApostol-hz1rb,I'm so excited for the tour,1,2024-06-27T16:01:12Z,2024-06-27T16:01:12Z
UgyIpKD4XZOVjVyBqWB4AaABAg,,False,@SoloZahi,Vengan a Peruuuu 🥺,0,2024-06-27T15:43:59Z,2024-06-27T15:43:59Z
UgwbEczRgxnlaKoiidd4AaABAg,,False,@minjeongkuu,MAN??? OMG WHY ITS SOO COOL? WINTER REALLY????? NANGIS BANGET KEREN BANGETTTTTTTTTTT😭,4,2024-06-27T14:56:34Z,2024-06-27T14:56:34Z
UgxpM2joYQNHVF-2S4p4AaABAg,,False,@fskffjdfjkn,민정아 잘생겼어..,0,2024-06-27T14:38:36Z,2024-06-27T14:38:36Z
UgzsZhk1B2MgcV4OSCR4AaABAg,,False,@henifrimesha5177,wow❤❤❤,1,2024-06-27T13:47:37Z,2024-06-27T13:47:37Z
UgxKweofN_wW1IL1saB4AaABAg,,False,@yeseul76,콘서트 너무 기대된다💜,2,2024-06-27T13:10:22Z,2024-06-27T13:10:22Z
UgxOdlqhEMEUdqaRU9d4AaABAg,,False,@daenerysl8637,NHÓM GÌ AI CŨNG ĐẸP VẬY????,1,2024-06-27T10:25:38Z,2024-06-27T10:25:38Z
UgzDEor4ogQoEH18ERJ4AaABAg,,False,@libisanchezpolanco1809,❤❤❤❤😊,3,2024-06-27T09:44:43Z,2024-06-27T09:44:43Z
Ugy7k0lj0WoelIWwCTF4AaABAg,,False,@KOMODOXXXX,❤,2,2024-06-27T08:56:20Z,2024-06-27T08:56:20Z
Ugy-i32l_LLi2qAOOk54AaABAg,,False,@KNIKLOONA,WINTER OMFG IM CRYING RN WHY IS SHE SO FKNG PRETTY WTF,7,2024-06-27T08:54:20Z,2024-06-27T08:54:20Z
UgwwIm59sxftxQ7NM9R4AaABAg,,False,@GOT805,Support aespa Hot Mess 7/3,1,2024-06-27T08:41:27Z,2024-06-27T08:41:27Z
UgzAMKt0S0LczvQLkdx4AaABAg,,False,@askerryldz,0:10 ning slayy,2,2024-06-27T07:09:11Z,2024-06-27T07:09:21Z
UgwGgBL8CQXXdsnbSCF4AaABAg,,False,@chocoblue0730,"from car, floor and now in the middle of the road someone please give karina a bed my girl's been sleeping everywhere",0,2024-06-27T06:53:34Z,2024-06-27T06:53:34Z
UgyibNE4ZsbeC2tfXTt4AaABAg,,False,@gomii_27,trơi oi GISELLEEEEEEE,0,2024-06-27T06:18:36Z,2024-06-27T06:18:36Z
UgyklhDfXzRZ3fV_D7h4AaABAg,,False,@vosa8268,Perfect pretty girl perfect sweet girl perfect work in the world perfect team in the world 240627.,5,2024-06-27T06:12:23Z,2024-06-27T06:12:23Z
Ugx1EA_eh4GbPV25ZNJ4AaABAg,,False,@bpaesugoi,Karina been hitting the floor and im here for it,0,2024-06-27T05:56:49Z,2024-06-27T05:56:49Z
UgxkbS3AwMdCeJkyWTN4AaABAg,,False,@3학년4반6번,Wow Karina is so beautiful!!!,0,2024-06-27T05:23:35Z,2024-06-27T05:23:35Z
Ugyk1xPmt8jOKkNULDt4AaABAg,,False,@Cfghjs,NingNing❤❤❤,1,2024-06-27T03:58:18Z,2024-06-27T03:58:18Z
Ugy3DlwusdZLBSdsuGp4AaABAg,,False,@Cfghjs,NingNing❤❤❤,1,2024-06-27T03:58:04Z,2024-06-27T03:58:04Z
UgwBBtIj2v5YuC9dQPZ4AaABAg,,False,@Cfghjs,NingNing❤❤❤,1,2024-06-27T03:57:32Z,2024-06-27T03:57:32Z
UgykCZYR9HOKcUlYgGt4AaABAg,,False,@Cfghjs,NingNing❤❤❤,1,2024-06-27T03:57:21Z,2024-06-27T03:57:21Z
UgyMv18IJuBW_fscay14AaABAg,,False,@truebatu6651,aespa keren banget sih😭 pengen ikutan tapi aku gabisa nyanyi,0,2024-06-27T03:53:59Z,2024-06-27T03:53:59Z
UgxlXF5ZuLeXtoDAEWt4AaABAg,,False,@SilviaPsh-or3uo,Winter in the last part make me scared😂,0,2024-06-27T03:43:45Z,2024-06-27T03:43:45Z
UgyeCT6DU4ZbGHLqZ3d4AaABAg,,False,@dinightss,❤️‍🔥❤️‍🔥❤️‍🔥,1,2024-06-27T03:42:44Z,2024-06-27T03:42:44Z
Ugy-xUpBGGD0vnCcvDd4AaABAg,,False,@helloww1097,开场的ningning好酷啊😘,1,2024-06-27T02:42:00Z,2024-06-27T02:42:00Z
UgxWVRGtn_hzsEEmXsR4AaABAg,,False,@jiguw,有趣🤔世界末日的配樂搭上WTMW、Spicy、Drama、Supernova、Armageddon的造型，真的讓人很好奇演唱會會怎麼呈現！世界觀到底變怎樣？太期待了！（芭蕾造型難道代表的是年曆😜,1,2024-06-27T01:55:18Z,2024-06-27T01:55:18Z
UgzWywY1BsE36_Y78zF4AaABAg,,False,@laurettsw,COME TO BRAZIL AGAIN 🇧🇷🇧🇷🇧🇷🇧🇷🇧🇷🇧🇷,0,2024-06-27T01:42:22Z,2024-06-27T01:42:22Z
UgyozS-WJOWAJ1Uk2fx4AaABAg,,False,@laurettsw,COME TO BRAZIL AGAIN 🇧🇷🇧🇷🇧🇷🇧🇷🇧🇷🇧🇷🇧🇷🇧🇷🇧🇷🇧🇷🇧🇷,0,2024-06-27T01:42:04Z,2024-06-27T01:42:04Z
UgxIrTJw-Ezud8Osb4p4AaABAg,,False,@dipakumari1722,But I don't have VCR,0,2024-06-27T01:07:34Z,2024-06-27T01:07:34Z
Ugw26sa8XixmlDQJl2Z4AaABAg,,False,@wpoijwelifongewqth2775,"아니 남들다 가는군대 여자는안가지만
겨우 해병대 하나 간다고 
광고를해라 그냥 어우",0,2024-06-27T00:28:36Z,2024-06-27T00:28:36Z
Ugxh9gfm9XBxhu94k7p4AaABAg,,False,@bareback_3000,EEEEEEEEE,0,2024-06-26T22:39:37Z,2024-06-26T22:39:37Z
UgysTAo7HJss4u3qjzd4AaABAg,,False,@vvor7,PLEASE BRING THIS TOUR TO RUSSIA❤❤❤,0,2024-06-26T21:59:55Z,2024-06-26T21:59:55Z
UgxZ-5PGP8Cknnn3EeJ4AaABAg,,False,@jeanfranco5414,Latin america tour pleaseeeee 😭😭,1,2024-06-26T20:21:50Z,2024-06-26T20:21:50Z
UgzVSsbYMLDAEqWKS414AaABAg,,False,@D-Santana,"Nem anunciou data nem nada e já tô chorando, acabou p mim",0,2024-06-26T19:56:03Z,2024-06-26T19:56:03Z
UgxZJUACnN8T9s_Zqqd4AaABAg,,False,@myriamtouil3347,SLAYYYYY,1,2024-06-26T19:53:07Z,2024-06-26T19:53:07Z
UgxGoW72RpuwCJMRcUx4AaABAg,,False,@constanzagonzalez9701,WINTER?????,0,2024-06-26T19:30:17Z,2024-06-26T19:30:17Z
UgxKpvxggO0gerIy_wN4AaABAg,,False,@Back2BackLakers2010,So Aespacore coded! Can't wait for the concert!,1,2024-06-26T19:27:56Z,2024-06-26T19:27:56Z
UgxiBjzAOLihoC2C8Jt4AaABAg,,False,@David_9301,Wow 🤩♥️,1,2024-06-26T19:24:01Z,2024-06-26T19:24:01Z
Ugx0ATchQMhTFlmWddp4AaABAg,,False,@jacktkx_x,0:01 I can’t stop repeating that part all they look so gorgeous but KARINA😍,11,2024-06-26T18:38:23Z,2024-06-26T18:38:23Z
Ugwefw9Y-i55HhvuhL94AaABAg,,False,@vitaomega386,i'm gonna make so money that i can buy their tickets and watch them share their work live,30,2024-06-26T18:14:03Z,2024-06-26T18:14:03Z
UgyP6U4gjjnzqbH11KF4AaABAg,,False,@jondistefano288,i sense this will be a fun special tour for this girl group and hope they will be return to Boston someday for world tour,12,2024-06-26T18:12:45Z,2024-06-26T18:12:45Z
UgzKXapT5BMrypSgaB14AaABAg,,False,@Pinky-fi8pv,so many references to their recent mvs and eras <333,3,2024-06-26T18:11:32Z,2024-06-26T18:11:39Z
UgyuGP5IDBP4pIqDcLB4AaABAg,,False,@ecinm,"Looks like references to Drama, Welcome to My World, Season's Greetings, and I'm Unhappy track video (that I could pick out). Curious to see if the concert is where all these parallels meet?",0,2024-06-26T17:26:05Z,2024-06-26T17:26:05Z
UgxgOgRu2PEZwrbCC954AaABAg,,False,@Andrewatogutuamarkiano,❤,0,2024-06-26T17:25:49Z,2024-06-26T17:25:49Z
UgzkffnnQ27pzPpB8iJ4AaABAg,,False,@riiyanaz,GISELLE?????!!!!!@&#$,0,2024-06-26T16:49:16Z,2024-06-26T16:49:16Z
Ugwe_3_FdEH9ESM1oG54AaABAg,,False,@conanedogawa1004,I wanna see more pink ballerina giselle,0,2024-06-26T16:20:38Z,2024-06-26T16:20:38Z
UgyE2-rka4ZtTHqOBUd4AaABAg,,False,@Grass-Buddy_Na.V,Winter😍,0,2024-06-26T16:16:12Z,2024-06-26T16:16:12Z
Ugx5LlbNRgweY22dtsV4AaABAg,,False,@youwantmyAtotheZ,Katarinabluu 🫶,1,2024-06-26T16:12:25Z,2024-06-26T16:12:51Z
Ugzs9WXxgGEn1o_3UUh4AaABAg,,False,@summero,UHM HELLO!???? AESPA!? 감사합니다,0,2024-06-26T16:12:06Z,2024-06-26T16:12:06Z
Ugz91y48E01ykY2dAB14AaABAg,,False,@jesuslorenzopaborito6320,Pa join naman ng ph sa line up cities miiiiii❤❤❤❤❤,0,2024-06-26T16:07:42Z,2024-06-26T16:07:42Z
UgzpkNa5i9gwEKWAbF54AaABAg,,False,@jonodistefano1726,Yes....let's get it aespa,6,2024-06-26T15:57:41Z,2024-06-26T15:57:41Z
UgzL4D85t4T0cwiWaSx4AaABAg,,False,@bowsgirlie,please come to brasil again 🥹🙏,6,2024-06-26T15:50:13Z,2024-06-26T15:50:13Z
UgwvHY7-g6MrqKVWHXF4AaABAg,,False,@glitch_1999,please don’t forget Mexico!! 🇲🇽 mexican mys are waiting for aespa to comeback!!,1,2024-06-26T15:48:35Z,2024-06-26T15:48:35Z
UgyijzuoLjhsfnfn9eF4AaABAg,,False,@VIMICISUKT,Tiempos reporte juegos branco aespa 👑💯,0,2024-06-26T15:48:20Z,2024-06-26T15:48:20Z
UgzhJ4iC7jDbqSrkc7Z4AaABAg,,False,@themrs.nishimura,FIRST HYPER LINE NOW PARALLEL LINE! BEING A MY IS LIKE LIVING A DREAM!,2,2024-06-26T15:38:45Z,2024-06-26T15:38:45Z
UgzuwWbdv6-K51g0aVJ4AaABAg,,False,@Real11-n5f,기말고사 때문에 못 가서 미안해... 나도 가고 싶었어 진짜...,2,2024-06-26T15:37:03Z,2024-06-26T15:37:03Z
UgxL9BpkP2LsBOsuHFN4AaABAg,,False,@Seojunggg_00,카리나 미쳣다ㅠ,0,2024-06-26T15:32:22Z,2024-06-26T15:32:22Z
UgxpRUs8nlCBOcAUYDZ4AaABAg,,False,@VanessaSantos087,Rainhas demais,0,2024-06-26T15:27:50Z,2024-06-26T15:27:50Z
UgwF54aZc7SKgtBA-BZ4AaABAg,,False,@Rai_MONSTIEZ,やっぱりaespa最高すぎる,21,2024-06-26T15:27:38Z,2024-06-26T15:27:38Z
UgzEH7ZVigd0vli7wtV4AaABAg,,False,@Rai_MONSTIEZ,楽しみすぎてやばーーい！！,14,2024-06-26T15:27:26Z,2024-06-26T15:27:26Z
UgwVv36tQBi9pMkzJQZ4AaABAg,,False,@aelivbluu,SLAYY,1,2024-06-26T15:26:49Z,2024-06-26T15:26:49Z
UgwUks8VXnq71aox99d4AaABAg,,False,@Nnennafo,Ae in their Ye era ❤,0,2024-06-26T15:25:34Z,2024-06-26T15:25:34Z
UgyjHHU3svCiNfUu2CR4AaABAg,,False,@jchwang3981,Diosasss ❤❤❤,1,2024-06-26T15:23:25Z,2024-06-26T15:23:25Z
Ugwkm7Qjgp9Kn19bRdp4AaABAg,,False,@loreperez2533,"omg, this look insane ❤",9,2024-06-26T15:12:44Z,2024-06-26T15:12:44Z
UgxC9c_YCDm-R_kLiCF4AaABAg,,False,@kaerin411,"oi me oi 4 gái yêu xinh đẹp ko có chỗ chê chúc cho concert thành công mĩ mãn nhen🎉 

mãi yêu ❤🔥",2,2024-06-26T15:00:14Z,2024-06-26T15:00:34Z
UgynMFC3F0UyV3wM_jJ4AaABAg,,False,@shirushana,Please enjoy the concert on my behalf 🧎🏻‍♀️😭,15,2024-06-26T14:53:28Z,2024-06-26T14:53:28Z
UgzOj4j5Yq-BNdvDTld4AaABAg,,False,@summer-plumeria,PLEASE COME TO SAN FRANCISCO 🌟🌟🌟🌟🌟,0,2024-06-26T14:49:42Z,2024-06-26T14:49:42Z
UgxpnPev6zLD04F618Z4AaABAg,,False,@WizzyTheDizzy,who got a ticket to go watch the concert? MEEEEEEEE,18,2024-06-26T14:43:49Z,2024-06-26T14:43:49Z
UgxpnPev6zLD04F618Z4AaABAg.A59CBzOOPzHA5AxN2mGgIf,UgxpnPev6zLD04F618Z4AaABAg,True,@leyla_kpopangel_9384,wait where are they coming?? i'm confused i didn't know about a new tour,1,2024-06-27T07:04:00Z,2024-06-27T07:04:00Z
UgwmPE1imHm__1XzPTx4AaABAg,,False,@maisk6689,Kim Winter duality 😢 How is the most Disney member also The Joker psycho?,0,2024-06-26T14:36:18Z,2024-06-26T14:36:18Z
UgzCK0FlXtCEs8WD0CF4AaABAg,,False,@christelbraun5000,PLEASE BRING THIS TOUR TO CANADA😭😭😭😭,6,2024-06-26T14:32:53Z,2024-06-26T14:32:53Z
UgzBRxiGM332uKHAO3d4AaABAg,,False,@TeRrY-z3v,에스파가  너무너무 좋아,0,2024-06-26T14:26:19Z,2024-06-26T14:26:19Z
UgxJ9MfROoNjhYvmpcJ4AaABAg,,False,@707nanaosaki,go to philippines pls,0,2024-06-26T14:25:02Z,2024-06-26T14:25:02Z
UgzF491uijNWT2N9VoN4AaABAg,,False,@haludae,Tienen que venir a peruuu 😭,0,2024-06-26T14:22:03Z,2024-06-26T14:22:03Z
Ugx_1KnSSf2HO7N9SEB4AaABAg,,False,@Katarinabluu_MY,I hope they come to Houston 😭,2,2024-06-26T14:17:31Z,2024-06-26T14:17:43Z
Ugz_sEMQXEg7ZnCvTAx4AaABAg,,False,@WISSAM_170,Wooow ⭐️⭐️⭐️⭐️,1,2024-06-26T14:14:54Z,2024-06-26T14:14:54Z
UgyM2NWMe5q90g66DOp4AaABAg,,False,@陈紫涵-l2g,Ningning is really cool！？,6,2024-06-26T14:14:53Z,2024-06-26T14:14:53Z
UgwX05pviK8rsFvJy354AaABAg,,False,@MatiasTrujillo-ib1mr,Muy bien flores hermanos,0,2024-06-26T13:59:46Z,2024-06-26T13:59:46Z
Ugw9Z6xzIJgNFmr5SUV4AaABAg,,False,@baeeunho3096,"AESPA BEING MODELS, BALLERINA AND ACTRESS?! HOW VERSATILE MY QUEENS!!!",0,2024-06-26T13:55:06Z,2024-06-26T13:55:06Z
UgwbdNPxiblUsY2USch4AaABAg,,False,@Rrchch,나도 가구싶어...매진되버렸어...😢😢,0,2024-06-26T13:48:56Z,2024-06-26T13:48:56Z
UgxsJhmOPt-Ds7BYGjp4AaABAg,,False,@conchitacdf1705,KEREN BANGET IIHHHH ❤❤❤,0,2024-06-26T13:25:03Z,2024-06-26T13:25:03Z
UgzKZhe6YmYlppMtEcZ4AaABAg,,False,@myblinkoncewithu3647,Aespa legendary girlgroup,3,2024-06-26T13:20:18Z,2024-06-26T13:20:18Z
Ugz9AQDNXsSaQERNUQt4AaABAg,,False,@byjuwita,Karinaaa,3,2024-06-26T13:13:40Z,2024-06-26T13:13:40Z
Ugzs_z8AKBYHbs24Z4N4AaABAg,,False,@alexamaebriza9860,GISELLE😮!?!!!,0,2024-06-26T13:10:53Z,2024-06-26T13:10:53Z
UgyHtcpHbH8x5OiGio94AaABAg,,False,@tina897,aespa is the best,0,2024-06-26T13:09:07Z,2024-06-26T13:09:07Z
UgyM8bzmX4beY98zmk14AaABAg,,False,@jeendeukiie,é incrível como elas sempre fazem todos os conceitos possíveis e sempre arrasam em todos!!,0,2024-06-26T13:03:02Z,2024-06-26T13:03:02Z
UgxsadCP_P1WWKO2Swh4AaABAg,,False,@mellicore_1,🔥,1,2024-06-26T12:57:32Z,2024-06-26T12:57:32Z
UgyDNGhEGDRAp13gSFJ4AaABAg,,False,@JoaquinaPedroNhambire,Am i the only one who was about to sing Armageddon in the begining😅,1,2024-06-26T12:50:47Z,2024-06-26T12:50:47Z
UgyRW92l-yHqQckC84x4AaABAg,,False,@dindaandryani110,Giselle 🔥,5,2024-06-26T12:40:43Z,2024-06-26T12:40:43Z
UgxgdIXU5_8N-tJwfOd4AaABAg,,False,@Jadas777,Whoever dressed Karina for this U DID UR BIG ONEE!!!!!,3,2024-06-26T12:26:02Z,2024-06-26T12:26:02Z
UgzsMIHUGloZUMAU5QJ4AaABAg,,False,@adhityaanggraeni,Who’s ready for this ✋,2,2024-06-26T12:21:25Z,2024-06-26T12:21:25Z
Ugw48OQvAPcaAO5WQGd4AaABAg,,False,@my_jaehoonlee,분위기 장난 아니다.,0,2024-06-26T12:18:27Z,2024-06-26T12:18:27Z
UgzK0q_ImWHuthDIz8d4AaABAg,,False,@ellewii__,aespa queens,0,2024-06-26T12:05:36Z,2024-06-26T12:05:36Z
UgzA6kQnt8DhTULoOel4AaABAg,,False,@whyrano825,애리사마  스웨그,0,2024-06-26T12:03:12Z,2024-06-26T12:03:12Z
UgzUKwlymgBu7izOCk14AaABAg,,False,@wolfsoul165,we are the æspa ❤️‍🔥,4,2024-06-26T11:46:55Z,2024-06-26T11:46:55Z
UgzhzT4hwpOE49eh9IB4AaABAg,,False,@86so,もースポり過ぎよ　ああ早く会いたいが高まっちゃうじゃない　本当に罪よ✨,0,2024-06-26T11:44:54Z,2024-06-26T11:44:54Z
UgzXVHOqSUFA7P016WR4AaABAg,,False,@prettyaespa,AAAAA KARINA,1,2024-06-26T11:44:33Z,2024-06-26T11:44:33Z
UgycqXcfF3NmHfxEThJ4AaABAg,,False,@VictorHugo-qh3sk,See u in August girls 🥰❤️,1,2024-06-26T11:44:32Z,2024-06-26T11:44:32Z
UgzSAMFMKfFMLm2ETjp4AaABAg,,False,@prettyaespa,NINGNING❤,2,2024-06-26T11:44:25Z,2024-06-26T11:44:25Z
Ugz9ObMEQ_kFcUWLGil4AaABAg,,False,@prettyaespa,WINTER WOI,0,2024-06-26T11:44:18Z,2024-06-26T11:44:18Z
Ugwm-zIGIC_UWp-xsoZ4AaABAg,,False,@prettyaespa,GISELLE CANTIK BGT!!!,1,2024-06-26T11:44:07Z,2024-06-26T11:44:07Z
UgypO52yVXWCBvIjXAN4AaABAg,,False,@prettyaespa,KONSEP AESPA GAPERNAH GAGAL,0,2024-06-26T11:43:56Z,2024-06-26T11:43:56Z
UgxwV-n5gmO985lJUxt4AaABAg,,False,@prettyaespa,GILA GILA KEREN BGT WOI,0,2024-06-26T11:43:40Z,2024-06-26T11:43:40Z
UgzhTxylYfqiUJMJf414AaABAg,,False,@연수-p6u,너무너무너무너무 × 100000 기 대 돼!!!!!!,0,2024-06-26T11:39:33Z,2024-06-26T11:39:33Z
Ugxr1iM_AOuRrZA4h5x4AaABAg,,False,@hns.zyxwvut,Please come to Malaysia,0,2024-06-26T11:37:46Z,2024-06-26T11:37:46Z
UgyryS8XjpP_mE0GUBV4AaABAg,,False,@godsplan6137,Lmfao not Karina getting ran over by little car 😂😂😂,1,2024-06-26T11:35:17Z,2024-06-26T11:35:17Z
UgzxV8L0WX06j9iCJy94AaABAg,,False,@diegohann1413,aespa 🇲🇽❤,1,2024-06-26T11:31:56Z,2024-06-26T11:31:56Z
UgxSsWG333xKxLeMWGB4AaABAg,,False,@lilac101,Winter❤❤,2,2024-06-26T11:29:51Z,2024-06-26T11:29:51Z
UgyUdJesw3skc-IJ_Dx4AaABAg,,False,@lilac101,마지막 윈터 눈빛연기 미첬다 ❤😊,1,2024-06-26T11:28:03Z,2024-06-26T11:28:03Z
UgxvcZyDH3uatizb8pd4AaABAg,,False,@pinePineple,Love you aespa 😘💜💜,4,2024-06-26T11:27:39Z,2024-06-26T11:27:39Z
UgwP6C8ptRsq_KfRPOp4AaABAg,,False,@MB-nv8sw,I love you Kim winter,2,2024-06-26T11:26:50Z,2024-06-26T11:26:50Z
UgzJ7m6RtV8GhIL_v0N4AaABAg,,False,@silvia91193,"I love Giselle.
I love aespa.",1,2024-06-26T11:19:39Z,2024-06-26T11:19:39Z
Ugyfi_91WguvGPtci1h4AaABAg,,False,@KittyHyein,"Com
Ng.",1,2024-06-26T11:18:33Z,2024-06-26T11:18:33Z
UgxF0j3NkfxjZmkvqat4AaABAg,,False,@desinovitadahlan,PRETTY NING 🖤,4,2024-06-26T11:17:41Z,2024-06-26T11:17:41Z
Ugzz-BW03p3NK8pastV4AaABAg,,False,@desinovitadahlan,NINGNING 🤍🤍🤍🤍,3,2024-06-26T11:17:28Z,2024-06-26T11:17:28Z
UgxdGYqvIpzYzkKRIxt4AaABAg,,False,@loonygranger,Jamet pada cakep amat,0,2024-06-26T11:14:57Z,2024-06-26T11:14:57Z
UgxLxTWk7HcdDVPfd314AaABAg,,False,@Red.matcha350,Aespa ❤,0,2024-06-26T11:01:10Z,2024-06-26T11:01:10Z
UgwXY55jEB8e8b5Wm414AaABAg,,False,@Ae17676,Wow aespa,1,2024-06-26T11:00:54Z,2024-06-26T11:00:54Z
UgyuXoWnnO0vCcUa5rh4AaABAg,,False,@Starmaria005,0:30 WINTER😮,2,2024-06-26T10:54:43Z,2024-06-26T10:55:27Z
Ugw5vTieD2rlP_p7DOJ4AaABAg,,False,@condor5962,Winter 😍😍,2,2024-06-26T10:51:54Z,2024-06-26T10:51:54Z
Ugy5Gy4buJfEU8QfSNt4AaABAg,,False,@KristineApostol-hz1rb,I'm so excited,6,2024-06-26T10:41:11Z,2024-06-26T10:41:11Z
UgwfxKdwLFUjcfcPJcV4AaABAg,,False,@RENN2_4,My attendance 🤍,2,2024-06-26T10:38:30Z,2024-06-26T10:38:30Z
Ugwvb4N21Dajh0EM05h4AaABAg,,False,@Blumiine,WOW BALLERINA,1,2024-06-26T10:37:11Z,2024-06-26T10:37:11Z
UgzhYVvYQOtvG3siUHp4AaABAg,,False,@bellerose6036,Kyaaaaa im exciteddddd,8,2024-06-26T10:30:05Z,2024-06-26T10:30:05Z
UgwSgX2oslV1iX3oe0x4AaABAg,,False,@giselleakgae4100,Once again Giselle gets worst outfit. She could've easily pulled off Karina's outfit of red boots and halter top but nooo.,0,2024-06-26T10:22:19Z,2024-06-26T10:22:19Z
Ugw0O2UmO-PBeqaM6jt4AaABAg,,False,@wirelessdirk,"love you, Giselle!",1,2024-06-26T10:21:22Z,2024-06-26T10:21:22Z
UgyxJr8rIZ0-i5U38Yp4AaABAg,,False,@Kpoptw545,❤❤❤,1,2024-06-26T10:20:41Z,2024-06-26T10:20:41Z
Ugzhg93khTC8qfjy5hZ4AaABAg,,False,@antoniomarcos2760,👏❤😍😚😚❤🇦🇷🇦🇷,0,2024-06-26T10:18:22Z,2024-06-26T10:18:22Z
UgyNRdJfCe2lRhdl09h4AaABAg,,False,@Ananhyaa,Cd os Br? 🇧🇷,1,2024-06-26T10:17:15Z,2024-06-26T10:17:15Z
UgzQqm8EBwRLP2nOXCp4AaABAg,,False,@peterchan6999,aespa fighting !!!!,10,2024-06-26T10:14:47Z,2024-06-26T10:14:47Z
Ugwm-IYSa0B8kQ3wj-l4AaABAg,,False,@muhammadrahimi114,"Please do concert tour in Kuala Lumpur, Malaysia !! 😭😭💜💜🙏🏻🙏🏻",4,2024-06-26T10:12:00Z,2024-06-26T10:12:00Z
Ugxn-lDLW0Mp-54q_aN4AaABAg,,False,@lulaberna,Giselle 😍,3,2024-06-26T10:11:38Z,2024-06-26T10:11:38Z
UgzG2D0TkJhHklVPAMh4AaABAg,,False,@Regi-b6m,idk what's happening but I love it,2,2024-06-26T10:09:57Z,2024-06-26T10:09:57Z
Ugz15C8DiLDjLtL_wSx4AaABAg,,False,@ws836,윈터 미모열일 중❤,1,2024-06-26T10:02:52Z,2024-06-26T10:02:52Z
UgzmQA-J_s4YPQkCawZ4AaABAg,,False,@BlueSky-rq7xe,CANTIK BANGET GISELLEEEEEEE~~~~~~~~~~~~~~,4,2024-06-26T09:55:43Z,2024-06-26T09:55:43Z
UgxNA8Jsj2RkIzp4JB54AaABAg,,False,@Itsmejigguu,Giselle ❤️‍🔥❤️‍🔥,0,2024-06-26T09:54:06Z,2024-06-26T09:54:06Z
Ugx7oIW-TJHH-pMqgtZ4AaABAg,,False,@r.l769,My girls,1,2024-06-26T09:54:01Z,2024-06-26T09:54:01Z
UgxZ5TnmQpqVm16kW2d4AaABAg,,False,@aespajiminjeong,omg kim minsik is backkk!🔥💁‍♀️,5,2024-06-26T09:53:05Z,2024-06-26T09:53:05Z
UgzoZiKfhqvM18hECLx4AaABAg,,False,@moonaries24,Gillaaaaa giselle nampol banget scene 00:07,2,2024-06-26T09:50:44Z,2024-06-26T09:50:44Z
UgwiFkGN0EbxdtxyVN94AaABAg,,False,@markchiodras9291,Aespa is on fire these days 🔥,14,2024-06-26T09:47:10Z,2024-06-26T09:47:10Z
UgycGP4zFBVF1qZ43zl4AaABAg,,False,@youerasedme,Can't wait aespa!!!!,8,2024-06-26T09:43:40Z,2024-06-26T09:43:40Z
UgyxN1HQM3Qan3EZwQt4AaABAg,,False,@youerasedme,IT'S COMING!!!! I'M READY!!!,3,2024-06-26T09:41:53Z,2024-06-26T09:41:53Z
UgyjXMgA6L4K70EUNiJ4AaABAg,,False,@NadaAarab-z2r,I love you aespa❤,3,2024-06-26T09:41:30Z,2024-06-26T09:41:30Z
UgyoOYS-zkDQwzA56hx4AaABAg,,False,@milspec_adhd,CAN'T WAIT TO SEE THIS IN THIER SINGAPORE STOP!!!!,3,2024-06-26T09:39:51Z,2024-06-26T09:39:51Z
UgwuBtnNBOPCGBwPxdV4AaABAg,,False,@Oomgwi,Philippines plssss. So gorggg,0,2024-06-26T09:36:59Z,2024-06-26T09:36:59Z
Ugz0kOwJmyCzQOuECgd4AaABAg,,False,@iheart_soshi,see you in Taipei my ladies ❤,2,2024-06-26T09:34:38Z,2024-06-26T09:34:38Z
UgyQrUbJNRrzdbP5cY94AaABAg,,False,@bbnghibinhtranduong_03,NingNing❤,1,2024-06-26T09:28:21Z,2024-06-26T09:28:21Z
UgwfiH34ATtfrcSTFVB4AaABAg,,False,@WooJong9900,YEAYY❤❤,12,2024-06-26T09:22:27Z,2024-06-26T09:22:27Z
UgzrgCWGs4SYAHAOeER4AaABAg,,False,@mqmq,🩶,0,2024-06-26T09:12:24Z,2024-06-26T09:12:24Z
Ugz77FXTcLbIrGBaNK54AaABAg,,False,@tuesdame,CAN'T WAIT!!!!!!!!!!,0,2024-06-26T09:09:32Z,2024-06-26T09:09:32Z
Ugy66401b7QVvjneCwR4AaABAg,,False,@hanjeee,<3,0,2024-06-26T09:06:06Z,2024-06-26T09:06:06Z
UgzUh_foiBFMaSGx9_94AaABAg,,False,@kimberlyhsieh,Seattle pls ❤,2,2024-06-26T09:05:37Z,2024-06-26T09:05:37Z
Ugy3RmuV9NMAGdYfSoR4AaABAg,,False,@doyle245,멤버들 연기자 되겠다,0,2024-06-26T09:04:05Z,2024-06-26T09:04:05Z
Ugz5VsZ49t3btO1kV5B4AaABAg,,False,@BLACKLION-t2o,👀,0,2024-06-26T09:03:06Z,2024-06-26T09:03:06Z
UgzAAHYYR_jf9sa2u_d4AaABAg,,False,@rrormi9392,winter😍,2,2024-06-26T08:54:53Z,2024-06-26T08:54:53Z
UgxTe9bfVQimaUz8asF4AaABAg,,False,@hyunnieess,Is that their 2nd world tour or?,1,2024-06-26T08:52:23Z,2024-06-26T08:52:23Z
Ugz9Heh_V5Yox6fLEIB4AaABAg,,False,@mywinter0914,콘서트 너무 기대됩니다요!!,1,2024-06-26T08:50:21Z,2024-06-26T08:50:21Z
Ugx83ATGuZyUoI3STe54AaABAg,,False,@tmaia17,🔥🔥🔥,1,2024-06-26T08:48:15Z,2024-06-26T08:48:15Z
UgzPr6gWbxO9JQnbtyR4AaABAg,,False,@이게무야-k9l,마지막에 윈터 무서워,2,2024-06-26T08:46:28Z,2024-06-26T08:46:28Z
Ugy464Luftxn8Co-8C94AaABAg,,False,@aprilp9215,"jrgherhgihg 0:06 GISELLE?!?!?

SEE U IN JAKARTA, BABYY!!!!!!!",0,2024-06-26T08:43:33Z,2024-06-26T08:44:00Z
Ugz6bym8ilpzelMJufB4AaABAg,,False,@公務員-s9j,我冬的嘴好像被谁亲过了,0,2024-06-26T08:35:47Z,2024-06-26T08:35:47Z
Ugz1M1FOGztiMhVIDgN4AaABAg,,False,@biancamaequino09,Giselle,0,2024-06-26T08:32:49Z,2024-06-26T08:32:49Z
UgwvIRj73hrg0eM8OEh4AaABAg,,False,@hellonkitty,0:15 발레코어 에스파 미쳤나,0,2024-06-26T08:30:37Z,2024-06-26T08:30:37Z
UgzSzqkTV1OxeJz17Ih4AaABAg,,False,@hellonkitty,진심 개까리하다,0,2024-06-26T08:29:29Z,2024-06-26T08:29:29Z
Ugw7cetPgjfR4whp_Kl4AaABAg,,False,@midnightmirror4518,BANGER TOUR INCOMINGGGG!,0,2024-06-26T08:28:57Z,2024-06-26T08:28:57Z
Ugy2pA8NM9cYIxCfj0F4AaABAg,,False,@ixoriize,so lit,1,2024-06-26T08:26:58Z,2024-06-26T08:26:58Z
UgxI33YMv8ycM3Le7BB4AaABAg,,False,@zarah..,Seeing you guys at Tokyo dome🩷,1,2024-06-26T08:22:53Z,2024-06-26T08:22:53Z
UgwHPZuBjDJM8VXL6tp4AaABAg,,False,@minj17,진짜 콘서트 넘 기대된다 넘 설레 ㅠㅠ,0,2024-06-26T08:22:21Z,2024-06-26T08:22:21Z
UgzSo07Ji3WGGjhXx3h4AaABAg,,False,@chocoblue0730,SM please include philippines on the tour🙏🙏🙏🙏,0,2024-06-26T08:16:56Z,2024-06-26T08:16:56Z
Ugz-icPl1-DJiWjNyo94AaABAg,,False,@Syifaaa_,GISELLLEEEE❤❤❤❤❤,0,2024-06-26T08:15:44Z,2024-06-26T08:15:44Z
Ugz374aWD9hXCYxhu4F4AaABAg,,False,@ellewii__,Slay,0,2024-06-26T08:12:04Z,2024-06-26T08:12:04Z
Ugzlm0K3SXd7qSWA9B14AaABAg,,False,@tamidaulayTV,Badasssss,0,2024-06-26T08:07:00Z,2024-06-26T08:07:00Z
UgxK2kQ2lNWtH7Nzqzx4AaABAg,,False,@sthtch_,ACTRESS WINTER,1,2024-06-26T07:58:51Z,2024-06-26T07:58:51Z
UgxGHgekg-gISgV4a4p4AaABAg,,False,@DirtyRoom-iq2lk,Omaga Karinaaa❤,0,2024-06-26T07:53:53Z,2024-06-26T07:53:53Z
Ugz0xxwOzxaMPs1zHkR4AaABAg,,False,@win_ter133,❤,0,2024-06-26T07:53:20Z,2024-06-26T07:53:20Z
Ugw2v6Pv0BVl8fslyn94AaABAg,,False,@maievenstar,All the concepts🔥,0,2024-06-26T07:50:54Z,2024-06-26T07:50:54Z
UgzLAVoYqPqWLMYI0pV4AaABAg,,False,@KaiSaLuEXOkaihun,Ningning and candy omg,1,2024-06-26T07:44:49Z,2024-06-26T07:44:49Z
Ugz4v2sWUuQmAP-bWS54AaABAg,,False,@huziwi,omg..😇😇😇,0,2024-06-26T07:44:27Z,2024-06-26T07:44:27Z
UgxnnwLPkVzIoErP-M94AaABAg,,False,@HeungMinSon_7,"2024년 상반기 한국 구글 검색 순위 K팝 여돌 랭킹 TOP20.
1위 카리나(aespa)
2위 장원영(아이브)
3위 안유진(아이브)
4위 윈터(aespa)
5위 김채원(르세라핌)
6위 제니(블랙핑크)
7위 민지(뉴진스)
8위 하니(뉴진스)
9위 지수(블랙핑크)
10위 해린(뉴진스)

11위 태연(소녀시대)
12위 카즈하(르세라핌)
13위 사쿠라(르세라핌)
14위 유나(있지)
15위 설윤(엔믹스)
15위 이서(아이브)
16위 홍은채(르세라핌)
17위 해원(엔믹스)
18위 혜인(뉴진스)
19위 리사(블랙핑크)
20위 미연(아이들)",2,2024-06-26T07:44:13Z,2024-06-26T07:44:13Z
UgwUCiljK_4BgZsvaHR4AaABAg,,False,@HeungMinSon_7,"2024년 상반기 한국 구글 검색 순위 K팝 여돌 랭킹 TOP20.
1위 카리나(aespa)
2위 장원영(아이브)
3위 안유진(아이브)
4위 윈터(aespa)
5위 김채원(르세라핌)
6위 제니(블랙핑크)
7위 민지(뉴진스)
8위 하니(뉴진스)
9위 지수(블랙핑크)
10위 해린(뉴진스)

11위 태연(소녀시대)
12위 카즈하(르세라핌)
13위 사쿠라(르세라핌)
14위 유나(있지)
15위 설윤(엔믹스)
15위 이서(아이브)
16위 홍은채(르세라핌)
17위 해원(엔믹스)
18위 혜인(뉴진스)
19위 리사(블랙핑크)
20위 미연(아이들)",1,2024-06-26T07:44:04Z,2024-06-26T07:44:04Z
UgyW6wgm9LseoditLxh4AaABAg,,False,@Jimin_BTS11,Winter as joker??,0,2024-06-26T07:43:27Z,2024-06-26T07:43:27Z
UgztURMr-okIxs4iiuJ4AaABAg,,False,@정몽몽-c1v,"나도 가고 싶다...😭
그래도 애드라 예쁘당💕",0,2024-06-26T07:40:46Z,2024-06-26T07:41:33Z
UgzFLFGm4rsqbBaU1ah4AaABAg,,False,@zoey4148,NINGNING I LOVE YOU ❤️,1,2024-06-26T07:39:26Z,2024-06-26T07:39:26Z
UgyyODviElXNJ6lw5kF4AaABAg,,False,@zoey4148,OMG 🎉,2,2024-06-26T07:39:08Z,2024-06-26T07:39:08Z
UgztMwjNDSmG6Jr7h-x4AaABAg,,False,@viewer3355,지젤이교통사고당햇네요,0,2024-06-26T07:37:28Z,2024-06-26T07:37:28Z
UgwWE3uBoGuh9RXjwf14AaABAg,,False,@teboihiteboihi2953,💗💗💗💗,0,2024-06-26T07:36:07Z,2024-06-26T07:36:07Z
UgwfsarxiCfZ42ITGnp4AaABAg,,False,@DanielBellon108,Aespa 당신의 AI는 너무 놀랍습니다 나는 매일 그것을 사랑합니다 ❤,1,2024-06-26T07:31:28Z,2024-06-26T07:31:28Z
Ugw1KnQwVnovkX1LFrN4AaABAg,,False,@RoghayyehNabilou,Win joker😂🎉,0,2024-06-26T07:28:48Z,2024-06-26T07:29:00Z
Ugy2Lc8FzK9wTqo2Lyx4AaABAg,,False,@riskiarianti4268,Wahhhh daebak,2,2024-06-26T07:28:14Z,2024-06-26T07:28:14Z
UgxU0LZ0LpR9HtQ_BZB4AaABAg,,False,@이영철-k3o7k,"좋아요 
많이눌러주셔요 ^^¿",1,2024-06-26T07:25:02Z,2024-06-26T07:25:02Z
UgxosuowQ92Giig5w_p4AaABAg,,False,@박성욱-q5k,"에스파 유퀴즈온더블럭 놀면뭐하니 런닝맨 나왔으면 좋겠어요 
핑계고 또 나왔으면 좋겠어요 
싱크로유 정규편성 축하해요 
카리나mc 기대할께요",2,2024-06-26T07:23:15Z,2024-06-26T07:23:15Z
UgyKoGC71EJvbnq_OcB4AaABAg,,False,@firfirfiraaaa,Fire!,3,2024-06-26T07:22:08Z,2024-06-26T07:22:08Z
UgzODLkDWvZfWnoihnp4AaABAg,,False,@Ben-tz4nd,как на него попасть?,0,2024-06-26T07:18:32Z,2024-06-26T07:18:32Z
UgyUJm_qrHu5FK3I9qJ4AaABAg,,False,@Ben-tz4nd,как на него попасть?,0,2024-06-26T07:18:30Z,2024-06-26T07:18:30Z
UgxtMjx0j_Q2OVMes-N4AaABAg,,False,@Cfghjs,"00:24
00:26
미모 미쳤다 두 고양이들😻",0,2024-06-26T07:17:52Z,2024-06-26T07:17:52Z
UgyQHEM6tH35wOiPuZV4AaABAg,,False,@PerkedelJambu,Miss Winter😖😖😖😖,0,2024-06-26T07:15:38Z,2024-06-26T07:15:38Z
UgykVZLvedx5MkC3CNJ4AaABAg,,False,@Cfghjs,Karina ningning❤❤❤,2,2024-06-26T07:15:02Z,2024-06-26T07:15:02Z
Ugxy5PaSaOWSNK59yI94AaABAg,,False,@user-skkskrsjsjssjsjs6974,0:31 아 졸라이쁘다 진짜.. 몇번째 돌려보는지..,3,2024-06-26T07:14:46Z,2024-06-26T07:14:46Z
UgxT2Jjr6Xzd_ngEUB14AaABAg,,False,@lilcouba9931,CAN'T WAIT!!! seeing them in august in Sydney 🤭,9,2024-06-26T07:13:18Z,2024-06-26T07:13:18Z
UgxOjQQBkAKxFOmbjUl4AaABAg,,False,@phil20_20,They're so weird. I love 'em! ❤🖤💙🤍,0,2024-06-26T07:12:27Z,2024-06-26T07:12:27Z
Ugxq_B0ggRThQs87xUx4AaABAg,,False,@gabrina9826,KARINA ❤️❤️‍🔥,1,2024-06-26T07:12:07Z,2024-06-26T07:12:07Z
Ugx491o8RHwW_VVpr114AaABAg,,False,@DavidPeter-v3l,WINTER 🤍🤍🤍,4,2024-06-26T07:07:12Z,2024-06-26T07:07:12Z
UgzrOUiFfeP2NYKAmvN4AaABAg,,False,@heekyungseo1977,👏👏👏👏👏👏👏👏👏👏👏👏👏👏👏👏👏👏,0,2024-06-26T07:03:31Z,2024-06-26T07:03:31Z
Ugyre9FM0pq_rqe2yg94AaABAg,,False,@hehewq5989,Can't wait to see aespa at the concert❤,11,2024-06-26T07:01:29Z,2024-06-26T07:01:29Z
UgzfJnQ8pPnEhehyDg14AaABAg,,False,@박준호-x7d,지젤 이 영상 때문에 눈에 멍 같은 자국 있었구나😮,0,2024-06-26T06:59:34Z,2024-06-26T06:59:34Z
Ugy1TfAYAog9pvkivnF4AaABAg,,False,@chwkia,bagus bangetttt,0,2024-06-26T06:59:10Z,2024-06-26T06:59:10Z
Ugyg8wVCIguZpBnoi314AaABAg,,False,@Clara__4o5,queridas venham pro brasil de novo,0,2024-06-26T06:56:08Z,2024-06-26T06:56:08Z
Ugw7ZBC93bAWodLLjP94AaABAg,,False,@northarea1203,AtMae,0,2024-06-26T06:55:43Z,2024-06-26T06:55:43Z
UgznKOPzlVf0i8da4AN4AaABAg,,False,@yoonfany00,WE WANT PARRALLEL LINE IN MANILA PLEASE!,0,2024-06-26T06:55:22Z,2024-06-26T06:55:22Z
UgwbRhmbV5hAyxVCGPN4AaABAg,,False,@karekare1261,Yassss,4,2024-06-26T06:53:40Z,2024-06-26T06:53:40Z
Ugz4ksfp1wRHD9kpDlF4AaABAg,,False,@HaaSal-i7w,Kim Minsik🌟🌟,8,2024-06-26T06:52:56Z,2024-06-26T06:52:56Z
UgxfPd2adAy6cmwwjfZ4AaABAg,,False,@maomao8950,karina i will support you more in future。you are so pretty this time i am satisfied with rina visual,1,2024-06-26T06:50:56Z,2024-06-26T06:50:56Z
Ugw6LBBAHG0Bag2UdXF4AaABAg,,False,@hunniesanr,"Karina, what are you doing on that road? Isnt its hot? 😂",1,2024-06-26T06:50:06Z,2024-06-26T06:50:06Z
UgyQxFdAIYyc1kLyBQZ4AaABAg,,False,@bellashintaasmara6424,see u in jakarta sayang,1,2024-06-26T06:49:52Z,2024-06-26T06:49:52Z
UgwfIa05Nr869tCkeIN4AaABAg,,False,@aeD4RK,"REJOICE MY, the most successful world tour of 4th gen was HYPER LINE. And now the successor PARALLEL LINE is coming.....",175,2024-06-26T06:49:42Z,2024-06-26T06:55:55Z
UgwfIa05Nr869tCkeIN4AaABAg.A58LwPOS3bmA58cZjW2pu5,UgwfIa05Nr869tCkeIN4AaABAg,True,@pruitv4,still running away after you got xpsd 2 weeks ago for being narsuun1 when you used it seconds after aedark and bshd kepler in their stream and wished them to d13 and when they stopped seconds later you came back again giving once more solid eviidence that you are behiind it thats why you go off sppming so many copy paste comments and use so many alts to support urself.,8,2024-06-26T09:23:45Z,2024-06-26T09:23:45Z
UgwfIa05Nr869tCkeIN4AaABAg.A58LwPOS3bmA58c_DwdyPr,UgwfIa05Nr869tCkeIN4AaABAg,True,@pruitv4,its funny how mental you are everglowup to still think using scripts for your liikes and alts to defend urself would somehow undermine the eviidence confirming that you are narsuun1,6,2024-06-26T09:23:49Z,2024-06-26T09:23:49Z
UgwfIa05Nr869tCkeIN4AaABAg.A58LwPOS3bmA58cbsdefv9,UgwfIa05Nr869tCkeIN4AaABAg,True,@pruitv4,one like by urself after a seconds and then 53 in one jump with your script so still zero people supporting you.,6,2024-06-26T09:24:10Z,2024-06-26T09:24:10Z
UgwfIa05Nr869tCkeIN4AaABAg.A58LwPOS3bmA58hBwH2rl2,UgwfIa05Nr869tCkeIN4AaABAg,True,@Catlover4ever610,BOL4 released a song featuring GISELLE called ‘LIPS.’ Please go stream ‘LIPS SM refused to support GISELLE’s first feature. Let’s support her and make SM even more mad!,0,2024-06-26T10:04:12Z,2024-06-26T10:04:12Z
UgwfIa05Nr869tCkeIN4AaABAg.A58LwPOS3bmA58i3V1KRvf,UgwfIa05Nr869tCkeIN4AaABAg,True,@aeD4RKreply,"​@@Catlover4ever610 SM actually can't support it like their own song. It's BOL4 song and it's completely up to them how they support it.

Remember these are companies and they adhere to the rules of business world, not artist world.",0,2024-06-26T10:11:46Z,2024-06-26T10:11:46Z
UgwK9fhhNr2TXqnuwrt4AaABAg,,False,@alzzzh,Ga sabar,0,2024-06-26T06:49:01Z,2024-06-26T06:49:01Z
UgyNT-fNb-ImKb62Uz14AaABAg,,False,@hunniesanr,they really trying hard to make all of them look similiar in height.,0,2024-06-26T06:48:47Z,2024-06-26T06:48:47Z
Ugx9bvSDJE_G5397Exd4AaABAg,,False,@alzzzh,CAKEP CAKEP,0,2024-06-26T06:48:45Z,2024-06-26T06:48:45Z
UgxZdM-9bd5A0E6VZC54AaABAg,,False,@aeD4RK,"KPOP CONCEPT CAN'T BE BETTER THAN THIS.... First part of the trailer is overconfident, dashing and powerful side of Aespa.... Second part is hopeful, dreamy, hardworking artist side of Aespa.... Third part is insecure, struggling and bullied Aespa.... They have so many stories through so many parallel dimensions to say MAKING THEM THE MOST VERSATILE IN KPOP....!",314,2024-06-26T06:48:42Z,2024-06-26T06:57:03Z
UgxZdM-9bd5A0E6VZC54AaABAg.A58Lp6Gc8cPA58TfMtfw3R,UgxZdM-9bd5A0E6VZC54AaABAg,True,@777uuh,tf are you saying,14,2024-06-26T07:57:16Z,2024-06-26T07:57:16Z
UgxZdM-9bd5A0E6VZC54AaABAg.A58Lp6Gc8cPA58YGabG2xl,UgxZdM-9bd5A0E6VZC54AaABAg,True,@lexouboo,@@777uuh they spam every aespa's video by saying anything 😑,10,2024-06-26T08:37:26Z,2024-06-26T08:37:26Z
UgxZdM-9bd5A0E6VZC54AaABAg.A58Lp6Gc8cPA58Z61-sjE2,UgxZdM-9bd5A0E6VZC54AaABAg,True,@aeD4RKreply,"​@@777uuh I just explained what the trailer have shown, didn't you see the trailer?

Different Aespa from different dimensions with many stories to tell; that's literally the current concept of Aepsa mixing Kwangya, Real My World and Multiverse.",11,2024-06-26T08:44:44Z,2024-06-26T08:44:44Z
UgxZdM-9bd5A0E6VZC54AaABAg.A58Lp6Gc8cPA58ZDdm3t3g,UgxZdM-9bd5A0E6VZC54AaABAg,True,@aeD4RKreply,"​@@lexouboo multiple comments are not spmm. According to YT only IDENTICAL, REPEATED and UNTARGETED comments are. That's a very defined concept.",10,2024-06-26T08:45:47Z,2024-06-26T08:45:47Z
UgxZdM-9bd5A0E6VZC54AaABAg.A58Lp6Gc8cPA58ZhwbIO70,UgxZdM-9bd5A0E6VZC54AaABAg,True,@aeD4RKreply,"​@@lexouboo have you seen the amounts of people that likes my comments? Sorry if my comments don't make sense to you, but it does to thousands of others.",6,2024-06-26T08:50:03Z,2024-06-26T08:50:03Z
UgxmxPVYPJV-9sEc-Ed4AaABAg,,False,@alzzzh,KAGET,0,2024-06-26T06:48:01Z,2024-06-26T06:48:01Z
UgyMThUPe2S4rZpdhsV4AaABAg,,False,@FieryCrescent,Can't wait ^^,0,2024-06-26T06:47:51Z,2024-06-26T06:47:51Z
UgxS1Rb0v_95h6jWkC54AaABAg,,False,@sone_kalvin_my,期待期待😚,3,2024-06-26T06:47:46Z,2024-06-26T06:47:46Z
UgycbANDjXL5vVZ5zpV4AaABAg,,False,@TheHighLevel.,💙 Fantastic Four 💙,1,2024-06-26T06:47:28Z,2024-06-26T06:47:28Z
UgyVNKb7-QbuzE_Bf-x4AaABAg,,False,@hunniesanr,Cant waittttt 😍😍😍,0,2024-06-26T06:45:50Z,2024-06-26T06:45:50Z
UgwfJ9c5TgprR9JpV3p4AaABAg,,False,@hunniesanr,Omg omg omg Badasss nak mateyyy body Karina 😍😍😍,0,2024-06-26T06:44:43Z,2024-06-26T06:44:43Z
Ugyw3O32aOcDgeKjPsN4AaABAg,,False,@aeD4RK,0:08 DID KARINA HIT A TOY CAR WHILE CROSSING ROAD....?!! Why does this hottie always come up with the MOST CARTOONISH IDEAS ever hahahahaha,31,2024-06-26T06:44:13Z,2024-06-26T07:22:37Z
Ugyw3O32aOcDgeKjPsN4AaABAg.A58LJIJM-J5A58cdkV7eTf,Ugyw3O32aOcDgeKjPsN4AaABAg,True,@pruitv4,still running away after you got xpsd 2 weeks ago for being narsuun1 when you used it seconds after aedark and bshd kepler in their stream and wished them to d13 and when they stopped seconds later you came back again giving once more solid eviidence that you are behiind it thats why you go off sppming so many copy paste comments and use so many alts to support urself.,2,2024-06-26T09:24:26Z,2024-06-26T09:24:26Z
Ugx4yiptC-1HfzW0bG14AaABAg,,False,@sonnymilk9297,can’t wait for the Australian tour stops!! 💜,0,2024-06-26T06:43:30Z,2024-06-26T06:43:30Z
Ugy3lPu_8mUs1OrK7nR4AaABAg,,False,@ArisYuni-j4e,Minjeong,4,2024-06-26T06:43:13Z,2024-06-26T06:43:13Z
UgyYkU0Q2UphEQ587bh4AaABAg,,False,@reverieev,They are not coming to play with those visuals 👀,0,2024-06-26T06:42:49Z,2024-06-26T06:42:49Z
Ugzd1-h5hO5PnjDj95V4AaABAg,,False,@Dirforthe,🔥🔥,1,2024-06-26T06:42:36Z,2024-06-26T06:42:36Z
UgwCOuF5bm8z4hBIhBV4AaABAg,,False,@Dirforthe,Wow,0,2024-06-26T06:42:15Z,2024-06-26T06:42:15Z
UgzoZJhUVRrQKhMn9ml4AaABAg,,False,@Imnotreyy,they’re so hot imma cry tears of joy 😔🤍,0,2024-06-26T06:42:11Z,2024-06-26T06:42:11Z
UgxOwmepGLolWSB3FPV4AaABAg,,False,@misil8866,Fighting our gorgeous girlsss ❤❤❤❤,0,2024-06-26T06:41:44Z,2024-06-26T06:41:44Z
UgzRARmh9nETGh0GQBF4AaABAg,,False,@oohsilvia880,Superstar karina,2,2024-06-26T06:41:16Z,2024-06-26T06:41:16Z
UgzP61tK-5B7m5NnCFB4AaABAg,,False,@Essxiu,OMG WINTER ❤❤❤❤,7,2024-06-26T06:41:05Z,2024-06-26T06:41:05Z
Ugx_JWPb6_AkW4hH3vR4AaABAg,,False,@kkwluii_,FROM DARK TO LIGHT TO LIGHT THEN TO DARK AGAIN,6,2024-06-26T06:40:39Z,2024-06-26T06:40:39Z
UgxEGRar1mg2eZYq9ZR4AaABAg,,False,@dooh,Winter at the end 🫦🫦🫦💕💕,1,2024-06-26T06:39:26Z,2024-06-26T06:39:26Z
UgwA6XKB1AdlFq7LruZ4AaABAg,,False,@riskiayu8009,KEREEEEENNNNNNN,0,2024-06-26T06:38:55Z,2024-06-26T06:38:55Z
Ugx6Lfn43Z5IJiA-k8B4AaABAg,,False,@Ocadolyn,0:08 😭😭 Gwenchana Karina shi,3,2024-06-26T06:38:39Z,2024-06-26T06:39:00Z
UgwIHX34tky_BvuqXoV4AaABAg,,False,@reefajr,KIM MINJEONG 🛐,4,2024-06-26T06:38:11Z,2024-06-26T06:38:11Z
Ugzl5B7dAZ11slZO8q54AaABAg,,False,@jerim0,see you anak anak manis,0,2024-06-26T06:37:57Z,2024-06-26T06:37:57Z
UgyTJumv_gx50lEuy1d4AaABAg,,False,@divyanshprabhat5195,"DRAMA SUPERNOVA ARMAGEDDON 
THREE MAJOR BOMBS FOR THIS CONCERT ..EXCITED",2,2024-06-26T06:37:14Z,2024-06-26T06:37:14Z
Ugw7QloEvltmWXRaKTB4AaABAg,,False,@ソマグラム,마이월드같은 느낌🤔,0,2024-06-26T06:36:43Z,2024-06-26T06:36:43Z
Ugy1KDV3Aqu0JHcDWtp4AaABAg,,False,@이성미-y7q,에스파 포레버 ,0,2024-06-26T06:36:35Z,2024-06-26T06:36:35Z
Ugw7URfH7lWErojvmTF4AaABAg,,False,@Lisaxwq122,Karinaaaaaaaaa😻😻😻😻😻,2,2024-06-26T06:36:31Z,2024-06-26T06:36:31Z
Ugx5olyQNYUaXKSzsU94AaABAg,,False,@dakong9040,6.29 M구역❤,0,2024-06-26T06:35:53Z,2024-06-26T06:35:53Z
UgwM6ufmLZdHiWmai-94AaABAg,,False,@Noignorance21,Now we know Winter should have been cast instead of gaga for joker 2. Lol,3,2024-06-26T06:35:42Z,2024-06-26T06:35:42Z
UgxyiyzqKb8FThqQQHR4AaABAg,,False,@uongchanvireak5811,oh wowwwwww,3,2024-06-26T06:34:42Z,2024-06-26T06:34:42Z
UgxSnkTOMRXfR2uqbgx4AaABAg,,False,@solonartesolon,aespa is 4🫶🏻,0,2024-06-26T06:34:36Z,2024-06-26T06:34:36Z
UgydRn7LVqpukTVF6Bx4AaABAg,,False,@mutiaraagustin7771,4+4 =,0,2024-06-26T06:34:01Z,2024-06-26T06:34:01Z
UgyIXBUPI0ZhBKuYDGl4AaABAg,,False,@nyz6,PLEASE MAG ANNOUNCE NA KAYO NG PARALLEL LINE IN MANILA 😭😭😭,0,2024-06-26T06:33:48Z,2024-06-26T06:33:48Z
UgzlcqWfF9BeFlZByHJ4AaABAg,,False,@lingodream460,aespa slayyy,0,2024-06-26T06:33:32Z,2024-06-26T06:33:32Z
UgzaozpfxYmOtW-CWsp4AaABAg,,False,@ILOVEKPOPGG,LOVE AESPA   Armageddon <3,0,2024-06-26T06:33:06Z,2024-06-26T06:33:06Z
UgxL_biGWPiSOQ1XASl4AaABAg,,False,@micamay,is the theme different universes? ohh im so in,0,2024-06-26T06:32:07Z,2024-06-26T06:32:07Z
Ugzy1jn76-3tqLrG6u94AaABAg,,False,@tonynguyen8366,❤,0,2024-06-26T06:32:04Z,2024-06-26T06:32:04Z
UgyejiVjp9JbIbaha5J4AaABAg,,False,@타꾸-p3c,나왜못가냐고.,0,2024-06-26T06:31:56Z,2024-06-26T06:31:56Z
Ugyb8k445ecrMcjR1yx4AaABAg,,False,@RENEEAISHKUV,HELLO,1,2024-06-26T06:31:40Z,2024-06-26T06:31:40Z
Ugw0n5_2YgK4YBlUhpF4AaABAg,,False,@에스파_지젤_aespa,aespa is sooooo amazing! Literal best 4th gen gg,3,2024-06-26T06:31:23Z,2024-06-26T06:31:23Z
UgzbNvQW9D7d2_Sb4Yt4AaABAg,,False,@정모디,마지막에 윈터 미쳤다,9,2024-06-26T06:29:21Z,2024-06-26T06:29:21Z
UgxAclWw0kRV7SAlnoF4AaABAg,,False,@SL-xe7nb,OH U GIRLS SLAYYYYYYYY,2,2024-06-26T06:28:54Z,2024-06-26T06:28:54Z
UgyE_oAffau7IVZkcNV4AaABAg,,False,@nubelinda,Oh karina.. you didn’t have to serve that much??,7,2024-06-26T06:28:50Z,2024-06-26T06:28:50Z
UgxLk8vpYLfRVHNHJT94AaABAg,,False,@DG-qm3ls,Come to México again ❤,0,2024-06-26T06:28:26Z,2024-06-26T06:28:26Z
UgwdiuhBx1JZj7KKPDZ4AaABAg,,False,@ceynaandinig6436,Omg giselle 😎,0,2024-06-26T06:27:38Z,2024-06-26T06:27:38Z
UgyE6eouD9LTW9ChKqB4AaABAg,,False,@Axlroze,damnnn karina's aura is no jokeee,0,2024-06-26T06:27:22Z,2024-06-26T06:27:22Z
Ugzr3fCRstDK219te1h4AaABAg,,False,@Роблоксзайцы,❤❤❤❤,0,2024-06-26T06:26:37Z,2024-06-26T06:26:37Z
UgyLUB0RC-5IY2eIW914AaABAg,,False,@zahraarvinindita,maaf ya aku gak bisa nonton konser kalian 😭,0,2024-06-26T06:26:30Z,2024-06-26T06:26:30Z
UgwaoCiEevkEtyCisPF4AaABAg,,False,@6.xilili,Omgggg❤❤❤ asepa slayyy❕️🥹,3,2024-06-26T06:26:08Z,2024-06-26T06:26:08Z
UgwiC0-t7nVloJuzsw94AaABAg,,False,@zahraarvinindita,aespa slay ❤️‍🔥,0,2024-06-26T06:25:43Z,2024-06-26T06:25:43Z
UgxQNPhqJiNdQZhTT2J4AaABAg,,False,@zahraarvinindita,i love you aespa ❤️,0,2024-06-26T06:25:27Z,2024-06-26T06:25:27Z
Ugw2Liw1NphZ51F6izJ4AaABAg,,False,@imsoo129,MANIFESTING KETEMU AESPA!!!,0,2024-06-26T06:25:06Z,2024-06-26T06:25:06Z
Ugx_wQ-q7yhVm4fYHKR4AaABAg,,False,@ullyifa7330,Woahhhhhh daebak aespa❤❤❤❤❤❤❤,0,2024-06-26T06:24:46Z,2024-06-26T06:24:46Z
UgxachHE1GPDGtiUEU14AaABAg,,False,@Df31011,24분 귀하다,0,2024-06-26T06:24:41Z,2024-06-26T06:24:41Z
UgwN34LtIMUVimchB1V4AaABAg,,False,@chelseara4478,Let's get aespa to 6 million subscribers come on my's,5,2024-06-26T06:24:24Z,2024-06-26T06:24:24Z
UgxiP6MNt45QqrJR3T54AaABAg,,False,@anisasuryo,CAN’T WAITTTTTT 😭😭😭,1,2024-06-26T06:24:25Z,2024-06-26T06:24:25Z
Ugx-zr3AU_DHKI0DHKV4AaABAg,,False,@st4rrrie,"Internationals 
👇",2,2024-06-26T06:24:22Z,2024-06-26T06:24:22Z
UgxAtEdKjosgEezOKix4AaABAg,,False,@Йома-ы7ш,"Вболіваю за вас дівчата,ви супер.❤️‍🔥❤️‍🔥❤️‍🔥❤️‍🔥❤️‍🔥❤️‍🔥❤️‍🔥❤️‍🔥❤️‍🔥💐",0,2024-06-26T06:24:13Z,2024-06-26T06:24:13Z
UgzSqGhZ2XLfdQqbB5J4AaABAg,,False,@minjewe,omg i can't wait for the concert!!!,15,2024-06-26T06:22:44Z,2024-06-26T06:22:44Z
UgwgBVcF4AtvJY-3e8N4AaABAg,,False,@growuparistya,International fans🙌🏻🙋‍♀️,3,2024-06-26T06:22:17Z,2024-06-26T06:22:17Z
Ugx1ZnvaOdcmz7koM594AaABAg,,False,@MrShirley07,is ningning the abuser,0,2024-06-26T06:21:25Z,2024-06-26T06:21:25Z
UgzFOvQ8BXhciHz1H3N4AaABAg,,False,@Kangtradangkimgeo,Gigi i hope you get more lines in this concert or comeback❤,4,2024-06-26T06:20:42Z,2024-06-26T06:20:42Z
UgzHxyYF5tmO6hKWyrF4AaABAg,,False,@BunnyLin-b2o,So excited 🥹🥹,0,2024-06-26T06:19:50Z,2024-06-26T06:19:50Z
Ugzkg2xjlWm9_sB0Y9d4AaABAg,,False,@Cfghjs,ningning pretty❤️❤️❤️❤️❤️,1,2024-06-26T06:19:49Z,2024-06-26T06:19:49Z
UgxVPlYePSqx-kJgUDB4AaABAg,,False,@바보Queen,"bring parrallel line to the US pls, i've seen them 4 times and ill keep seeing them",1,2024-06-26T06:19:00Z,2024-06-26T06:19:00Z
UgysVXbcdhMzN7WvnFd4AaABAg,,False,@Broken-b4y,Wow amazing! 😮,0,2024-06-26T06:18:30Z,2024-06-26T06:18:30Z
UgxIhJQUbuCuJrvVxNV4AaABAg,,False,@StrayCo127,Sedih gak bisa hadir 😭😭,0,2024-06-26T06:18:17Z,2024-06-26T06:18:17Z
Ugz8ExyWFbItDvG96WB4AaABAg,,False,@옥순이-k7x,Winter,7,2024-06-26T06:18:17Z,2024-06-26T06:18:17Z
UgwqNnNARj4C0aVTT9V4AaABAg,,False,@ohsion0205,and if i cry,0,2024-06-26T06:18:09Z,2024-06-26T06:18:09Z
UgzllMvve7jjivhtF5t4AaABAg,,False,@hfz428,WHY SKIPPED MALAYSIA? WHY WHY WHY SKIPPED MALAYSIA AGAINNN???,0,2024-06-26T06:18:05Z,2024-06-26T06:18:05Z
Ugw86q0oI6InX_gKTOR4AaABAg,,False,@gerberadaisies6122,My taste,0,2024-06-26T06:17:31Z,2024-06-26T06:17:31Z
UgwnP0ildfF81_KMUWh4AaABAg,,False,@今井みゆき-x3u,仲良しだね🍀❤❤癒される🍀❤❤💙💚🧡可愛らしい❤❤,0,2024-06-26T06:16:45Z,2024-06-26T06:16:45Z
UgwBb6CMWbLlxrDSJTN4AaABAg,,False,@etaereal,ph stop naman kayo diyan,0,2024-06-26T06:16:01Z,2024-06-26T06:16:01Z
Ugw43UVMedW7EtP40d14AaABAg,,False,@Cfghjs,닝닝❤,1,2024-06-26T06:15:48Z,2024-06-26T06:15:48Z
UgwCVxwGOlIcNdR2sR94AaABAg,,False,@Cfghjs,닝닝❤,1,2024-06-26T06:15:30Z,2024-06-26T06:15:30Z
UgxNyapyGP1EWkrpbRV4AaABAg,,False,@Cfghjs,닝닝❤,1,2024-06-26T06:15:18Z,2024-06-26T06:15:18Z
Ugw-adqnFzkcYWKsK8h4AaABAg,,False,@linlin01006,"Indeed, AESPA is a talented girlgroup. Can handle every concept",2,2024-06-26T06:15:12Z,2024-06-26T06:15:12Z
UgzxhcJ4QL726byW7114AaABAg,,False,@ale-wq9hu,A,0,2024-06-26T06:14:58Z,2024-06-26T06:14:58Z
UgxPSalNStm63bSgpad4AaABAg,,False,@paskaliasarinajaya6263,Aespa and One Production ❤❤❤❤❤❤❤❤❤❤,0,2024-06-26T06:14:52Z,2024-06-26T06:14:52Z
UgyNa_TEvUi5gViYiKl4AaABAg,,False,@mysundayS2tapu,DO U HAVE TO GO THIS MUCH FOR A CONCERT VCR???????????????? HOW CAN I CONTROL MYSELF FROM NOT GOING,4,2024-06-26T06:14:38Z,2024-06-26T06:14:38Z
UgyNa_TEvUi5gViYiKl4AaABAg.A58HvaQeJ3HA58I7eehc-B,UgyNa_TEvUi5gViYiKl4AaABAg,True,@lisasimpson1403,Taengoo?,0,2024-06-26T06:16:25Z,2024-06-26T06:16:25Z
UgzFMgu6okCdksW-URV4AaABAg,,False,@nonchalant-i4g,Ohhh things are about to get spicy,4,2024-06-26T06:12:59Z,2024-06-26T06:12:59Z
UgzFMgu6okCdksW-URV4AaABAg.A58HjXrBPrwA8mPNJYgJZe,UgzFMgu6okCdksW-URV4AaABAg,True,@hwangyejiih,@@nonchalant-i4g cringe,0,2024-09-24T19:02:46Z,2024-09-24T19:02:46Z
UgzFMgu6okCdksW-URV4AaABAg.A58HjXrBPrwA8oMrbj2Vxw,UgzFMgu6okCdksW-URV4AaABAg,True,@nonchalant-i4g,@@hwangyejiih oh floptzy stan go away hahaha,0,2024-09-25T13:19:18Z,2024-09-25T13:19:18Z
Ugxf_bWaZYON9oayBmx4AaABAg,,False,@junaoaka,I'm looking forward to the live show now😊,3,2024-06-26T06:12:53Z,2024-06-26T06:12:53Z
Ugz9pqPKNtM-3_dsD7d4AaABAg,,False,@emma-sf4rh,"Open the way, the queens are coming asepa >>>>>>>💋💋💥",0,2024-06-26T06:12:52Z,2024-06-26T06:12:52Z
Ugxt6dqWqTD6aqeRHad4AaABAg,,False,@ekayulia2676,Aespa,0,2024-06-26T06:11:54Z,2024-06-26T06:11:54Z
UgxsuJg6BQW-4BZ-ZTB4AaABAg,,False,@dianpuspitasari8572,aespa 🔥🔥🔥🔥,0,2024-06-26T06:11:53Z,2024-06-26T06:11:53Z
UgwI-T6c2JGqo0IKaRR4AaABAg,,False,@nephthysnaunet4237,WINTER 🤯🤯🤯🤯,2,2024-06-26T06:11:48Z,2024-06-26T06:11:48Z
UgwHSmJwZort6vDeMgF4AaABAg,,False,@luonggiang-m7g,omgggggg,0,2024-06-26T06:11:20Z,2024-06-26T06:11:20Z
Ugz1aK1aXRWsOT0j1O14AaABAg,,False,@Iputawholebagofjellybeansupmy,m,0,2024-06-26T06:11:02Z,2024-06-26T06:11:02Z
UgyonAHyTlrPU8eV4MZ4AaABAg,,False,@octavianawijayanti8539,Can't wait,0,2024-06-26T06:10:59Z,2024-06-26T06:10:59Z
UgwvTHLww9lfD8DaIkd4AaABAg,,False,@awan_ppeu,ahhh tak sabarnya nak tengok konsert aespa,2,2024-06-26T06:10:53Z,2024-06-26T06:10:53Z
UgwF52WH0HRSe-uTq4B4AaABAg,,False,@octavianawijayanti8539,Waaa,0,2024-06-26T06:10:46Z,2024-06-26T06:10:46Z
UgwMLRsxwBd6gH8WEs14AaABAg,,False,@lysndhrlnn,CONCERT MANILA PLSS,0,2024-06-26T06:10:31Z,2024-06-26T06:10:31Z
Ugwy87CHkprIjc-Cgkd4AaABAg,,False,@TANSL2000,Please come to Malaysia too 😭 MYMYs need aespa too 😭😭😭😭,3,2024-06-26T06:10:27Z,2024-06-26T06:10:27Z
UgzfEWWsaP_F56H9WfF4AaABAg,,False,@cmlla,uwahhh minjeong 😮😮😮,3,2024-06-26T06:10:24Z,2024-06-26T06:10:24Z
UgywqRvQg4aPblZ4ikx4AaABAg,,False,@beonmin2,마지막에 민정이 눈빛.... 내 무습다....♥,4,2024-06-26T06:09:42Z,2024-06-26T06:09:42Z
UgxW6e8qG9pES8Fhmwh4AaABAg,,False,@jlc9792,So excited!! aespa 2nd world tour is starting v soon! We can get to see the girls live again! ❤❤❤,7,2024-06-26T06:09:32Z,2024-06-26T06:09:32Z
UgxdqlCm3IFCnj7Eg8p4AaABAg,,False,@nadariyani1922,Wow amazing aespa^^,1,2024-06-26T06:09:26Z,2024-06-26T06:09:26Z
Ugy4X9Sz_sipw3VNUUJ4AaABAg,,False,@kyoheiablaza6070,"Fact: aespa cuteness, gorgeousness and visuals overload are not a joke y'all. So angelic, beautifully and breathtaking. Their cuteness, gorgeousness and visuals overload are outta this world😭💔",9,2024-06-26T06:08:14Z,2024-06-26T06:08:14Z
UgxQClBv0sjU8bRsXAV4AaABAg,,False,@madons05,Please include Philippines in the Asia tour 🙏🙏🙏🙏,0,2024-06-26T06:08:08Z,2024-06-26T06:08:08Z
UgzEy17dhYjFgB-RozJ4AaABAg,,False,@irokeunnie,See you in Singapore babies !!!,1,2024-06-26T06:07:57Z,2024-06-26T06:07:57Z
Ugy8pq0C7VWU08ATsLV4AaABAg,,False,@lady_yve,🔥,2,2024-06-26T06:07:53Z,2024-06-26T06:07:53Z
Ugzv0rYc1ScJaQ8duVp4AaABAg,,False,@kyoheiablaza6070,"4 vocalists, 4 all rounders, 4 dancers, 4 aces, 4 rappers, 4 members, 4 queens, 4 visuals. aespa never disappoint",24,2024-06-26T06:07:27Z,2024-06-26T06:07:27Z
UgzS1j4rdtbPJpzHHi94AaABAg,,False,@kecyleensantillana5462,wow!,0,2024-06-26T06:07:24Z,2024-06-26T06:07:24Z
UgzZxv6CrEM7dR2MMhl4AaABAg,,False,@remiliana3426,"Vcr buat konser aja dah kaya MV ,mantap aespa",1,2024-06-26T06:07:19Z,2024-06-26T06:07:19Z
Ugzn6q4TfZMTHGesZHd4AaABAg,,False,@sakurakakki9598,🎉🎉🎉🎉,1,2024-06-26T06:06:59Z,2024-06-26T06:06:59Z
Ugwk3T2T84-aWG5Ubv94AaABAg,,False,@kyoheiablaza6070,aespa's visuals are literally unreal and insane!! 🙀❤️,3,2024-06-26T06:06:57Z,2024-06-26T06:06:57Z
Ugw4pPyYktq_rt8700l4AaABAg,,False,@lamrongpeng533,aespa ❤,0,2024-06-26T06:06:44Z,2024-06-26T06:06:44Z
UgwA1ALgXpSYzR3qOdN4AaABAg,,False,@KINGZIE,I LOVE YOUUUU ALLL😭💘,0,2024-06-26T06:06:35Z,2024-06-26T06:06:35Z
UgwnRUr8vnmcFsao4mZ4AaABAg,,False,@mw1603,Wow wow wow,0,2024-06-26T06:06:07Z,2024-06-26T06:06:07Z
UgyfeHLf4AAAR4vIc1h4AaABAg,,False,@Aeris21,Winter😂,0,2024-06-26T06:06:04Z,2024-06-26T06:06:04Z
UgxouBguUGftqDbvfRB4AaABAg,,False,@MediaSosial-q5b,Winter in the last scene 🥵🥴😵😵‍💫,16,2024-06-26T06:05:58Z,2024-06-26T06:05:58Z
UgxDf3xXVibX5khwQHd4AaABAg,,False,@anonymoushuman1781,Ouhhh winter at the end 😮😮,13,2024-06-26T06:05:57Z,2024-06-26T06:05:57Z
UgyZYzBX3kX9X9Uq1Rl4AaABAg,,False,@a.a677,OMGGGGG IM GAGGED IM NOT READYYYYY,3,2024-06-26T06:05:48Z,2024-06-26T06:05:48Z
UgwRFTPCmi5R-tlRk0V4AaABAg,,False,@Gmriizeseunghaan.02,Salieron hermosísimas :),0,2024-06-26T06:05:30Z,2024-06-26T06:05:30Z
UgwYSeAfk0ydGrIBrmV4AaABAg,,False,@anisagustin1891,giselle you’re so stunning,0,2024-06-26T06:05:19Z,2024-06-26T06:05:19Z
UgyLFQnSYZxdQa4OP5d4AaABAg,,False,@Zz.Kiatoo,KARINA??!!  SHE'S REALLY INSANE FOR THIS CONCEPT,2,2024-06-26T06:05:03Z,2024-06-26T06:05:03Z
UgwelL0rCqbEQXIHEbR4AaABAg,,False,@sitinurjanahtoliu4788,oh wowwww,3,2024-06-26T06:04:55Z,2024-06-26T06:04:55Z
Ugw242_JnhJ84NFcg4Z4AaABAg,,False,@Batirbek12,How many people love Aespa??☝️☝️☝️,2,2024-06-26T06:04:50Z,2024-06-26T06:04:50Z
UgwPBSm-du4i3w55pIJ4AaABAg,,False,@japanda2712,行ける人良いな〜,3,2024-06-26T06:04:32Z,2024-06-26T06:04:32Z
UgwpoexFkK6EuK1WTo14AaABAg,,False,@lilac7910,Can’t wait !!!!!!!!!!!,1,2024-06-26T06:04:31Z,2024-06-26T06:04:31Z
Ugw7leL0LELlsTdbmDR4AaABAg,,False,@yjmcool411,KARINA IS THE BEST,1,2024-06-26T06:04:22Z,2024-06-26T06:04:22Z
UgxOHRNNASWQA_vgUaR4AaABAg,,False,@Bluurinaayu,Ballerina aespaaa,3,2024-06-26T06:04:21Z,2024-06-26T06:04:21Z
UgwylAxuJ7uw9eWhKHN4AaABAg,,False,@bluuthinkr,Why is Karina on the floor,0,2024-06-26T06:04:10Z,2024-06-26T06:04:10Z
UgwfI_Vx63GP4GkscFx4AaABAg,,False,@forfaeng,어머 이게 너무 멋있어잖아 >ㅅ<,5,2024-06-26T06:04:08Z,2024-06-26T06:04:08Z
UgxVlTnP5cn9K-_RF1p4AaABAg,,False,@carmelradaza,3 more days!!! I'm so excited for the concert.,2,2024-06-26T06:03:40Z,2024-06-26T06:03:40Z
UgxveQBFjYbwXchV4Sh4AaABAg,,False,@drabrew,Vengan a latam en el próximo tour 🫶🏻,3,2024-06-26T06:03:36Z,2024-06-26T06:03:36Z
UgxsxP_uypd5f9j3OYt4AaABAg,,False,@KimGuobaorou,0:30 오,8,2024-06-26T06:03:28Z,2024-06-26T06:03:28Z
Ugx8uO78ZNuUZveUGl14AaABAg,,False,@karinalepitan851,winter's face is scary,10,2024-06-26T06:03:24Z,2024-06-26T06:03:24Z
UgwgQrN6f_qlf2mKZOl4AaABAg,,False,@Dai1lest,I love you AESPA!!!!❤❤❤❤❤,0,2024-06-26T06:03:17Z,2024-06-26T06:03:17Z
UgxiNIsmplK_FfLCmmF4AaABAg,,False,@sn00puppi,we all agree that they are better,1,2024-06-26T06:03:12Z,2024-06-26T06:03:12Z
UgxCysv57_BNbOLiZyB4AaABAg,,False,@drabrew,AESPA LAS AMOOO,0,2024-06-26T06:03:11Z,2024-06-26T06:03:11Z
UgxC12YZ8AVRMLbeH154AaABAg,,False,@chocobbang2803,"So we got SLAYAESPA, BALLERINAESPA, and BAespaDGIRL concepts🔥🔥🔥",3,2024-06-26T06:03:09Z,2024-06-26T06:03:09Z
UgzvJ5Doz5rImOS1Ljp4AaABAg,,False,@bemyae_1117,콘서트 가게 해주셔서 정말 감사합니다 내 손아 티켓팅 성공해줘서 고맙다,9,2024-06-26T06:03:05Z,2024-06-26T06:03:05Z
UgwNes35WPDfzLxpjXl4AaABAg,,False,@JennieKim-pf9ms,❤❤❤❤,1,2024-06-26T06:03:02Z,2024-06-26T06:03:02Z
UgzQPdXQP2UZZiIoNXN4AaABAg,,False,@VharicyonRendyAppang,"I am very impressed with AESPA😊😁 AESPA spirit, I hope you are always successful",5,2024-06-26T06:02:58Z,2024-06-26T06:02:58Z
UgwkETe9-anGNNtl46R4AaABAg,,False,@buikhang9771,Má ơi hóng quá nha🔥🥺,7,2024-06-26T06:02:52Z,2024-06-26T06:02:52Z
UgyqQJvw8Ks2DXYmjFF4AaABAg,,False,@key-cp6ke,"SEE YOU IN AUGUST, MY GIRLS!!!💖💖💖💖",2,2024-06-26T06:02:50Z,2024-06-26T06:02:50Z
Ugx7GDLZsslxJac4eft4AaABAg,,False,@karinalepitan851,HOT GIRRRRRLSSSS,0,2024-06-26T06:02:49Z,2024-06-26T06:02:49Z
UgwJ2cAjdF5pW4HmvBR4AaABAg,,False,@arrchwntr,WINTERRRR OMG,4,2024-06-26T06:02:49Z,2024-06-26T06:02:49Z
UgxkQn4h6hIgga17iJJ4AaABAg,,False,@Valegonzalee,How many international fans are here??,0,2024-06-26T06:02:44Z,2024-06-26T06:02:44Z
Ugy7-ENEE-cqwxS1flJ4AaABAg,,False,@BLAEMON,Aespa visuals are no joke 🤩,7,2024-06-26T06:02:37Z,2024-06-26T06:02:37Z
Ugy0iAzv8icxG53sqsR4AaABAg,,False,@ceemred,AESPA NEVER DISAPPOINTS USSS❤️‍🔥,5,2024-06-26T06:02:37Z,2024-06-26T06:02:37Z
UgyUCJ9weEw8nD0AFPV4AaABAg,,False,@xxtrouble,Woww so excited ❤️‍🔥❤️‍🔥❤️‍🔥❤️‍🔥,0,2024-06-26T06:02:26Z,2024-06-26T06:02:26Z
UgwBQ2EyYvc8P6Bo4C54AaABAg,,False,@Itsmytempo,SEE YOU ❤,1,2024-06-26T06:02:26Z,2024-06-26T06:02:26Z
UgyUKzuULxgoPRknRJV4AaABAg,,False,@ketruyen4220,Winter so slayyyyyyyyy,2,2024-06-26T06:02:20Z,2024-06-26T06:02:20Z
UgxJG6CpgMs9J8kGL6p4AaABAg,,False,@Itsmytempo,I can't wait for the concert ❤,1,2024-06-26T06:02:13Z,2024-06-26T06:02:13Z
Ugy7aVGcsnnoBMBGBNd4AaABAg,,False,@AyemJen,Parallel Line in Manila please,0,2024-06-26T06:02:10Z,2024-06-26T06:02:10Z
UgyMiFdoHv1K3WBULIt4AaABAg,,False,@BLAEMON,Who agrees aespa fits every concept? 🖐,11,2024-06-26T06:02:09Z,2024-06-26T06:02:09Z
UgxXxKG65vR5s60u9HN4AaABAg,,False,@Mr.HitsOfficiel2008,How many international fans are here to support AESPA?,12,2024-06-26T06:02:02Z,2024-06-26T06:02:02Z
UgxXxKG65vR5s60u9HN4AaABAg.A58GUK_Fs2LA58LheotWoV,UgxXxKG65vR5s60u9HN4AaABAg,True,@TheHighLevel.,😂,1,2024-06-26T06:47:41Z,2024-06-26T06:47:41Z
UgwMt6_FU4gKzFkmvPh4AaABAg,,False,@luvvintr_,CANT WAIT,1,2024-06-26T06:02:01Z,2024-06-26T06:02:01Z
UgxwBFvTGaQy7gXCKLR4AaABAg,,False,@yeon._.x-w1z,에스파 사랑해!,6,2024-06-26T06:02:00Z,2024-06-26T06:02:00Z
UgwpbW8SrfBph2YlIAx4AaABAg,,False,@AyemJen,See you soon!,0,2024-06-26T06:01:59Z,2024-06-26T06:01:59Z
Ugwz4-j7_kv1wZxpPf14AaABAg,,False,@rmm8703,Insane!!!🙏🏽🙏🏽🙏🏽,1,2024-06-26T06:01:56Z,2024-06-26T06:01:56Z
UgzdZWW-OR1CbJmojl14AaABAg,,False,@color_0423,see you in tokyo dome,1,2024-06-26T06:01:53Z,2024-06-26T06:01:53Z
Ugz6HSLiW5RqL6cKevx4AaABAg,,False,@Nickzao._,EARLYY,0,2024-06-26T06:01:53Z,2024-06-26T06:01:53Z
UgxL5FMRs9vaK4OQasZ4AaABAg,,False,@9x9_Pali1,그냥 폼 미쳤네 기대된다,1,2024-06-26T06:01:50Z,2024-06-26T06:01:50Z
UgylIpJiQYtJKe8K0Q14AaABAg,,False,@zenimanjyu_ae,早く会いたい！！🥹,2,2024-06-26T06:01:45Z,2024-06-26T06:01:45Z
UgyLSAlq5kWRKnyIcsh4AaABAg,,False,@Lunaria06,Can't wait for synk parallel line,5,2024-06-26T06:01:44Z,2024-06-26T06:01:44Z
Ugy54cpHi83-WawWrWN4AaABAg,,False,@혜윤-k9l,"에스파 라이브 투어 파이팅❤ !! 응원할께 🫶🏻
- 마이가 -",0,2024-06-26T06:01:42Z,2024-06-26T06:01:42Z
Ugx-Hed4P3B0vKkQ7iB4AaABAg,,False,@YimHaWeol,"와.....
라는 말 밖에는  나오질 않네...",2,2024-06-26T06:01:37Z,2024-06-26T06:01:37Z
Ugyk_bJvT8msrj3tj3V4AaABAg,,False,@hanly4086,Minjeong I love youuu❤❤❤,11,2024-06-26T06:01:35Z,2024-06-26T06:01:35Z
UgzJH9q0j2ep14JWif54AaABAg,,False,@ohwntr8565,SEE YOU IN SG AND TOKYO DOME,0,2024-06-26T06:01:34Z,2024-06-26T06:01:34Z
Ugylowg46oX-DYh8BcV4AaABAg,,False,@danagul3907,I love you Aespa.🤍 I'm looking forward to your concert ❤,7,2024-06-26T06:01:32Z,2024-06-26T06:01:32Z
UgwoSfXzRR_hJEH3d4l4AaABAg,,False,@danielrobertchen,ready for Macau 🇲🇴,0,2024-06-26T06:01:31Z,2024-06-26T06:01:31Z
UgyRci6FfS6wzR0EfTd4AaABAg,,False,@민준-v1g,윈터 이번에도 너무 귀여워 영원히 사랑합니다♥️♥❄️☃️,3,2024-06-26T06:01:26Z,2024-06-26T06:01:26Z
UgwMKq4RwU7DGJUhTYt4AaABAg,,False,@Dan-ce8ly,AESPA fighting,7,2024-06-26T06:01:25Z,2024-06-26T06:01:25Z
UgzyPQ02msHY2MqGiMV4AaABAg,,False,@user-bu3ju9qr3d,짱스파,1,2024-06-26T06:01:25Z,2024-06-26T06:01:25Z
UgzOybzT4mAK4OZ1dkB4AaABAg,,False,@aprillia5955,hlo,0,2024-06-26T06:01:23Z,2024-06-26T06:01:23Z
Ugywg03v-hauqdmcP454AaABAg,,False,@Galleryvoli,Omg can't waittt,2,2024-06-26T06:01:22Z,2024-06-26T06:01:22Z
UgyiUjKo-IFqLXZIJIh4AaABAg,,False,@SmailTebakh,Second comment,0,2024-06-26T06:01:18Z,2024-06-26T06:01:18Z
UgyLDWWjSAc03VgWpUd4AaABAg,,False,@ponirasita7231,Wahhhhh cant wait❤❤❤❤,1,2024-06-26T06:01:17Z,2024-06-26T06:01:17Z
UgyFaEvCTSDS_JGllht4AaABAg,,False,@aespa_korea,cool video I wish I could do that 😂❤,0,2024-06-26T06:01:16Z,2024-06-26T06:01:16Z
Ugx4prgDW4vTn-mrkiN4AaABAg,,False,@spenceroh,기다리고 기다렸던 에스파의 정규이후 콘서트💙⭐️🌙🦋 패러럴 라인 콘서트도 얼마나 레전드 무대 나올지 기대되구 VCR부터 미쳤다👸 지민정애리닝 화이팅🙌🔥,3,2024-06-26T06:01:15Z,2024-06-26T06:02:09Z
UgzKf0kCtmOJtHwfuEV4AaABAg,,False,@yukinosan6356,I love æspa,8,2024-06-26T06:01:15Z,2024-06-26T06:01:15Z
UgyM5zM832lOewt34oZ4AaABAg,,False,@ketruyen4220,Come on 🥳,0,2024-06-26T06:01:15Z,2024-06-26T06:01:15Z
UgzUsSDRXQC6kT3ErxF4AaABAg,,False,@Leeminhoxw,OUR GIRLS SLAYED😮❤,7,2024-06-26T06:01:13Z,2024-06-26T06:01:13Z
Ugw1K65EAfE0FY9wBeB4AaABAg,,False,@bbeevit,Not me saying “Armageddon” when the music started playing. 💀,91,2024-06-26T06:01:12Z,2024-06-26T06:01:12Z
Ugw1K65EAfE0FY9wBeB4AaABAg.A58GOJK9LRyA58HQ2a4WAR,Ugw1K65EAfE0FY9wBeB4AaABAg,True,@starwolf15,😂REAL,2,2024-06-26T06:10:11Z,2024-06-26T06:10:11Z
Ugw1K65EAfE0FY9wBeB4AaABAg.A58GOJK9LRyA58HrUKoNy6,Ugw1K65EAfE0FY9wBeB4AaABAg,True,@nataliejj1435,same ..😂😂,2,2024-06-26T06:14:04Z,2024-06-26T06:14:04Z
Ugw1K65EAfE0FY9wBeB4AaABAg.A58GOJK9LRyA58S7qXuZm9,Ugw1K65EAfE0FY9wBeB4AaABAg,True,@billie_narineverland,Fr thats what i exactly did💀😭,2,2024-06-26T07:43:49Z,2024-06-26T07:43:49Z
Ugwuo7GR02Kheha3ptJ4AaABAg,,False,@krsitofmolnar2081,I love you aespa,5,2024-06-26T06:01:11Z,2024-06-26T06:01:11Z
UgwhGWYfzn9D47RqBQp4AaABAg,,False,@katheryne8224,Woaaaaa,2,2024-06-26T06:01:11Z,2024-06-26T06:01:11Z
UgxliH6sF_Yv1thStvt4AaABAg,,False,@straypinkacete,LINDAS,0,2024-06-26T06:01:09Z,2024-06-26T06:01:09Z
UgzeMKfDo33sPLG_bSp4AaABAg,,False,@Kurowmimi,OEMJI,0,2024-06-26T06:01:08Z,2024-06-26T06:01:08Z
UgwztdhD8aLPS6_5Pwd4AaABAg,,False,@soohalee5538,So exciteddddd😭😭😭,3,2024-06-26T06:01:06Z,2024-06-26T06:01:06Z
Ugx5BF0-3TWjz6lxorN4AaABAg,,False,@Jiheon_mylovee,AAAAA,1,2024-06-26T06:01:04Z,2024-06-26T06:01:04Z
UgxX2p2vbfRZpw4w0Ix4AaABAg,,False,@mistsznn,CANT WAITTT,0,2024-06-26T06:01:03Z,2024-06-26T06:01:03Z
UgymubiEmmxz5ig13XF4AaABAg,,False,@즉율,멋지다 에스파! ❤❤,3,2024-06-26T06:01:02Z,2024-06-26T06:01:02Z
UgyDlK36C0F-P072BAJ4AaABAg,,False,@mynctj_,AESPAAA❤,3,2024-06-26T06:01:00Z,2024-06-26T06:01:00Z
UgykiqyFBnRKXOpmenl4AaABAg,,False,@cheeseezu,aespaaa,0,2024-06-26T06:01:00Z,2024-06-26T06:01:00Z
UgxSQzbXu_atb1AKRsd4AaABAg,,False,@sakuracat.t,SLAYYYY,3,2024-06-26T06:00:59Z,2024-06-26T06:00:59Z
UgyUEDYIyjIbxaPjvPB4AaABAg,,False,@Anahirak,They are so cool and talented!✨,2,2024-06-26T06:00:59Z,2024-06-26T06:00:59Z
Ugz5oY_TxWmpT_gykgd4AaABAg,,False,@mistsznn,FIRST,0,2024-06-26T06:00:58Z,2024-06-26T06:00:58Z
UgyrzrrbJrhEa_ig1FR4AaABAg,,False,@pond_phuwin1,anjay pertama,1,2024-06-26T06:00:58Z,2024-06-26T06:00:58Z
UgyR8aqGmrRZulSUl0N4AaABAg,,False,@AuliaRamadhani-xs5lr,first❤,0,2024-06-26T06:00:56Z,2024-06-26T06:00:56Z
UgyIQYoJ2NxhTdRh7yF4AaABAg,,False,@AliceeMarshall,I’m gay,0,2024-06-26T06:00:56Z,2024-06-26T06:00:56Z
UgxzfqtaWNGtvDipF3N4AaABAg,,False,@Lxve_1ve,Under 27 secs im here,0,2024-06-26T06:00:55Z,2024-06-26T06:00:55Z
UgyLKi1yiJHfsCVpCiB4AaABAg,,False,@m_o____r_e4084,Love aespa,0,2024-06-26T06:00:55Z,2024-06-26T06:00:55Z
UgwxAsWI6rlxmTjUt-d4AaABAg,,False,@frnadthv18,"Hagan tour por favor, yo las quiero ver otra vez 😭😭😭❤️",4,2024-06-26T06:00:54Z,2024-06-26T06:00:54Z
UgxOfNdCA1H4m5umL754AaABAg,,False,@AhnQu,뀨우우우❤❤,1,2024-06-26T06:00:53Z,2024-06-26T06:00:53Z
UgxpcgtlcXt2V5gwVEl4AaABAg,,False,@ROSIEEEENNNN,How many international fans does aesoa have?,1,2024-06-26T06:00:52Z,2024-06-26T06:00:52Z
UgzXG8fQf5A21Qd3tOx4AaABAg,,False,@hugmeeinnie,ATE.,0,2024-06-26T06:00:51Z,2024-06-26T06:01:40Z
UgzQsF7qwrIb5D7Vx4p4AaABAg,,False,@JOSTHXN,Aespaaa,0,2024-06-26T06:00:51Z,2024-06-26T06:00:51Z
Ugz5dtwSsnpTJToGP394AaABAg,,False,@blinkdecorazon2988,AESPA FOREVER 💗✨💗✨,19,2024-06-26T06:00:50Z,2024-06-26T06:00:50Z
UgwxePMvWaMS7c2wPiN4AaABAg,,False,@danagul3907,QUEENS ❤,4,2024-06-26T06:00:50Z,2024-06-26T06:00:50Z
Ugz0dhdTuUsxYEMQMwV4AaABAg,,False,@pinkgallon,25 DETIK YANG LALU,0,2024-06-26T06:00:50Z,2024-06-26T06:00:50Z
Ugwrmi79Lqij9f-vUXR4AaABAg,,False,@aryanzyan-q4l,First commenter😮,0,2024-06-26T06:00:49Z,2024-06-26T06:00:49Z
UgyeVbKhxR8dI6XBnZ54AaABAg,,False,@AudreyFirly,SEE YOU 24 AGUSTUSSSS,20,2024-06-26T06:00:49Z,2024-06-26T06:00:49Z
Ugy0pa9_l3fBsXwuGZV4AaABAg,,False,@SUUSUSUSUSUPONOVA,AESPAAAAA,0,2024-06-26T06:00:48Z,2024-06-26T06:00:48Z
UgxSvzyAQXZb4SczLut4AaABAg,,False,@Ssososji,BEST GROUP EVER💗🙏🏻,19,2024-06-26T06:00:48Z,2024-06-26T06:00:48Z
Ugw_3N_BZkf8g-53vWp4AaABAg,,False,@hilmihamid5425,Hi,0,2024-06-26T06:00:47Z,2024-06-26T06:00:47Z
UgyznYimUDsDscHiKo54AaABAg,,False,@Mr.HitsOfficiel2008,How many international fans are here ?👇,8,2024-06-26T06:00:46Z,2024-06-26T06:00:46Z
UgxpcjDXGCpi5OiJ3rp4AaABAg,,False,@dukisssssssss,COME TO MEXICOOOOOO,0,2024-06-26T06:00:45Z,2024-06-26T06:00:45Z
UgxzsRhFPQuKtt8fJ-R4AaABAg,,False,@MyQuynh-c8k,I love,1,2024-06-26T06:00:44Z,2024-06-26T06:00:44Z
Ugw759fQzzhhxPAaLlJ4AaABAg,,False,@njmsjmdctt9,ARMAGEDDON WOOHOOO,0,2024-06-26T06:00:44Z,2024-06-26T06:00:44Z
UgyyBr-e8glm8ZzWnc54AaABAg,,False,@mostlyseungwan,INTERNATIONAL AESPA FANS 👇,2,2024-06-26T06:00:43Z,2024-06-26T06:00:43Z
UgxfWTQV8fc1q8Djpyp4AaABAg,,False,@Shinniest,How many international fans are here? 🤚🏻🤚🏻,581,2024-06-26T06:00:43Z,2024-06-26T06:00:43Z
UgxfWTQV8fc1q8Djpyp4AaABAg.A58GKh_7MRYA58GTlBn7ji,UgxfWTQV8fc1q8Djpyp4AaABAg,True,@Benjalovesskz,Mee from 🇨🇱,5,2024-06-26T06:01:58Z,2024-06-26T06:01:58Z
UgxfWTQV8fc1q8Djpyp4AaABAg.A58GKh_7MRYA58GcBZR1In,UgxfWTQV8fc1q8Djpyp4AaABAg,True,@Eheee.1345,A lot😂😂😂,2,2024-06-26T06:03:14Z,2024-06-26T06:03:14Z
UgxfWTQV8fc1q8Djpyp4AaABAg.A58GKh_7MRYA58GldiB4BB,UgxfWTQV8fc1q8Djpyp4AaABAg,True,@hugmeeinnie,México. 🇲🇽,2,2024-06-26T06:04:32Z,2024-06-26T06:04:32Z
UgxfWTQV8fc1q8Djpyp4AaABAg.A58GKh_7MRYA58GqogTW6h,UgxfWTQV8fc1q8Djpyp4AaABAg,True,@BANGTAN_LOVEOT7,Mee❤️❤️❤️,2,2024-06-26T06:05:14Z,2024-06-26T06:05:14Z
UgxfWTQV8fc1q8Djpyp4AaABAg.A58GKh_7MRYA58H02NOiiW,UgxfWTQV8fc1q8Djpyp4AaABAg,True,@carolinalp3815,🇲🇽,2,2024-06-26T06:06:38Z,2024-06-26T06:06:38Z
UgyT7Gt6qGAoun_q3OB4AaABAg,,False,@karinnnna1,First,1,2024-06-26T06:00:43Z,2024-06-26T06:00:43Z
Ugxarud3qxiplb0Hhdt4AaABAg,,False,@aeriveyr,HEYYYY,1,2024-06-26T06:00:42Z,2024-06-26T06:00:42Z
UgxQSBeOt_xT3gPz5HR4AaABAg,,False,@yongjoocho7491,걍 이쁜이들 천지,1,2024-06-26T06:00:40Z,2024-06-26T06:00:40Z
Ugyej07N6YBNQzMx9xZ4AaABAg,,False,@Sh_1294,💙🌙⭐🦋,1,2024-06-26T06:00:39Z,2024-06-26T06:00:39Z
Ugzjfd8ZN0_OB0Awpgl4AaABAg,,False,@the_potman,OMG,0,2024-06-26T06:00:38Z,2024-06-26T06:00:38Z
UgyU2NU2c_ScXJcb3894AaABAg,,False,@Iu._Official-t5f,I LOVE AESPA THEY HAVE SO MUCH TALENT,17,2024-06-26T06:00:38Z,2024-06-26T06:00:38Z
UgyJ-FRZACu0qsq1fOV4AaABAg,,False,@gresiaamelia,OMG FIRST,0,2024-06-26T06:00:37Z,2024-06-26T06:00:37Z
UgyNuaGVikjeWale2Ix4AaABAg,,False,@trlozxys,WHAT'S 7+1?,0,2024-06-26T06:00:37Z,2024-06-26T06:00:37Z
Ugz-PsypiEqQRa5wgXd4AaABAg,,False,@Birşahısın_sihirli_lambası,"Türkiye den selam,👋👋",1,2024-06-26T06:00:36Z,2024-06-26T06:01:36Z
UgzpBE6uNDevv72oXMV4AaABAg,,False,@Secondazelllll,first,0,2024-06-26T06:00:36Z,2024-06-26T06:00:36Z
UgzxYLfJnn48xg4uge94AaABAg,,False,@Chae-d7c,헐 ㅜㅜ,1,2024-06-26T06:00:36Z,2024-06-26T06:00:36Z
UgyqmJR6NQrZoMkckeN4AaABAg,,False,@bhrandonosornotecpa4015,Hola,1,2024-06-26T06:00:35Z,2024-06-26T06:00:35Z
UgxCmLgCVEuZqsytIdZ4AaABAg,,False,@Benjalovesskz,PRIMERA,2,2024-06-26T06:00:34Z,2024-06-26T06:00:34Z
UgxkGuKpkq8-m4lb5PN4AaABAg,,False,@the_potman,EARLYYYYY,0,2024-06-26T06:00:34Z,2024-06-26T06:00:34Z
UgyzZp-n1ojsZFzgBXF4AaABAg,,False,@Aaa-ke4hq,❤,0,2024-06-26T06:00:33Z,2024-06-26T06:00:33Z
Ugx8T34U7N14yAitA6J4AaABAg,,False,@the__and.y,지젤이쁘다,4,2024-06-26T06:00:32Z,2024-06-26T06:00:32Z
UgwIfA2LkqkHP2hBRWt4AaABAg,,False,@jypestraykidz,FIRST COMMENT,2,2024-06-26T06:00:29Z,2024-06-26T06:00:29Z
UgwIfA2LkqkHP2hBRWt4AaABAg.A58GIzpLUjBA58GP4zATgb,UgwIfA2LkqkHP2hBRWt4AaABAg,True,@straypinkacete,REAL,1,2024-06-26T06:01:19Z,2024-06-26T06:01:19Z
